5 1.977784
10 1.607817
15 1.208927
20 0.832238
25 0.666059
30 0.521744
35 0.307040
40 0.382510
45 0.320002
50 0.448112
55 0.160824
60 0.242688
65 0.350120
70 0.240768
75 0.170159
80 0.255279
85 0.317666
90 0.305379
95 0.350277
100 0.098099
105 0.101503
110 0.295441
115 0.083546
120 0.137849
125 0.169003
130 0.227992
135 0.130773
140 0.287819
145 0.107657
150 0.116815
155 0.221700
160 0.252282
165 0.118648
170 0.159360
175 0.125468
180 0.109069
185 0.140430
190 0.048271
195 0.083765
200 0.090755
205 0.025693
210 0.222738
215 0.076757
220 0.129718
225 0.057446
230 0.026849
235 0.083301
240 0.169847
245 0.091736
250 0.125355
255 0.064613
260 0.070201
265 0.137671
270 0.017446
275 0.092525
280 0.054649
285 0.068742
290 0.051779
295 0.100118
300 0.115804
305 0.055598
310 0.125791
315 0.106692
320 0.105651
325 0.197124
330 0.026613
335 0.085346
340 0.036724
345 0.115306
350 0.093490
355 0.200675
360 0.093820
365 0.116314
370 0.029020
375 0.198274
380 0.054586
385 0.056728
390 0.059195
395 0.120057
400 0.079917
405 0.018806
410 0.086815
415 0.120740
420 0.101016
425 0.179326
430 0.128076
435 0.064263
440 0.112018
445 0.170918
450 0.090318
455 0.071222
460 0.111435
465 0.154196
470 0.037207
475 0.202257
480 0.092231
485 0.025794
490 0.206128
495 0.089537
500 0.106681
5 0.047848
10 0.102986
15 0.048121
20 0.045320
25 0.016720
30 0.174283
35 0.031211
40 0.055764
45 0.035985
50 0.211836
55 0.059865
60 0.029149
65 0.125458
70 0.040878
75 0.072296
80 0.177670
85 0.013705
90 0.026340
95 0.034153
100 0.065809
105 0.088898
110 0.043780
115 0.026694
120 0.064063
125 0.099613
130 0.117677
135 0.130330
140 0.129297
145 0.020368
150 0.012059
155 0.032201
160 0.039754
165 0.131570
170 0.082901
175 0.056321
180 0.106265
185 0.037889
190 0.062818
195 0.052180
200 0.075913
205 0.074755
210 0.023714
215 0.050267
220 0.043363
225 0.071298
230 0.090605
235 0.042597
240 0.038536
245 0.082557
250 0.085481
255 0.030806
260 0.014561
265 0.080294
270 0.032402
275 0.016283
280 0.041601
285 0.067629
290 0.031625
295 0.096098
300 0.033551
305 0.019941
310 0.091793
315 0.047448
320 0.046411
325 0.026220
330 0.200348
335 0.013880
340 0.033308
345 0.033789
350 0.023737
355 0.029771
360 0.039226
365 0.021153
370 0.086696
375 0.128670
380 0.047622
385 0.041781
390 0.014315
395 0.013051
400 0.054217
405 0.129240
410 0.022817
415 0.044260
420 0.033640
425 0.026782
430 0.110879
435 0.067566
440 0.040978
445 0.041428
450 0.072345
455 0.102771
460 0.052680
465 0.026526
470 0.057936
475 0.102653
480 0.023630
485 0.057002
490 0.066258
495 0.067125
500 0.021751
5 0.019076
10 0.032614
15 0.014440
20 0.067799
25 0.043766
30 0.026859
35 0.060495
40 0.112631
45 0.060259
50 0.037672
55 0.014644
60 0.015077
65 0.041530
70 0.052753
75 0.028189
80 0.010664
85 0.040568
90 0.056118
95 0.007556
100 0.074208
105 0.027051
110 0.034974
115 0.056533
120 0.020893
125 0.013774
130 0.034817
135 0.032691
140 0.040632
145 0.091610
150 0.050019
155 0.018514
160 0.014139
165 0.026420
170 0.024908
175 0.004705
180 0.057296
185 0.016821
190 0.051574
195 0.022085
200 0.011873
205 0.050619
210 0.020785
215 0.001782
220 0.022434
225 0.071521
230 0.039662
235 0.056276
240 0.017873
245 0.041070
250 0.005487
255 0.103319
260 0.024014
265 0.063031
270 0.075950
275 0.092234
280 0.081264
285 0.030113
290 0.015235
295 0.071730
300 0.116096
305 0.099632
310 0.033834
315 0.076662
320 0.007344
325 0.019829
330 0.024777
335 0.018939
340 0.008885
345 0.049389
350 0.042835
355 0.014383
360 0.028232
365 0.040364
370 0.049106
375 0.010625
380 0.031056
385 0.073424
390 0.093999
395 0.027430
400 0.018785
405 0.016202
410 0.023133
415 0.047518
420 0.010403
425 0.034245
430 0.055329
435 0.010304
440 0.055167
445 0.056727
450 0.012833
455 0.054776
460 0.032979
465 0.009696
470 0.028331
475 0.018777
480 0.015717
485 0.030241
490 0.023806
495 0.041908
500 0.009737
5 0.038747
10 0.010244
15 0.044901
20 0.018731
25 0.002943
30 0.009160
35 0.050060
40 0.015855
45 0.017269
50 0.033210
55 0.009586
60 0.012961
65 0.005101
70 0.013947
75 0.009919
80 0.029211
85 0.030956
90 0.011238
95 0.032061
100 0.051186
105 0.039346
110 0.008470
115 0.018378
120 0.015228
125 0.053601
130 0.041469
135 0.002185
140 0.097201
145 0.058785
150 0.002164
155 0.015920
160 0.008012
165 0.024207
170 0.011874
175 0.011310
180 0.013633
185 0.116356
190 0.015076
195 0.018571
200 0.007307
205 0.008380
210 0.153968
215 0.011887
220 0.089185
225 0.011570
230 0.037396
235 0.004309
240 0.027193
245 0.042976
250 0.039414
255 0.002186
260 0.026731
265 0.004428
270 0.090602
275 0.045069
280 0.027594
285 0.058562
290 0.026053
295 0.064605
300 0.085542
305 0.042178
310 0.015448
315 0.002715
320 0.019871
325 0.008785
330 0.044177
335 0.013771
340 0.047395
345 0.017757
350 0.014768
355 0.023332
360 0.002321
365 0.010600
370 0.068471
375 0.029670
380 0.008297
385 0.043378
390 0.053206
395 0.005068
400 0.005756
405 0.117634
410 0.099848
415 0.031613
420 0.031258
425 0.057720
430 0.023292
435 0.009722
440 0.004183
445 0.028341
450 0.020301
455 0.009318
460 0.032800
465 0.057820
470 0.037730
475 0.057182
480 0.029619
485 0.037747
490 0.014372
495 0.113800
500 0.035589
5 0.005073
10 0.008532
15 0.016613
20 0.004109
25 0.031600
30 0.012115
35 0.009771
40 0.030105
45 0.007456
50 0.005885
55 0.067044
60 0.053275
65 0.020038
70 0.003424
75 0.017459
80 0.019936
85 0.014819
90 0.013743
95 0.002962
100 0.006803
105 0.008248
110 0.025239
115 0.011792
120 0.006873
125 0.031489
130 0.013409
135 0.004734
140 0.015586
145 0.009068
150 0.019560
155 0.011949
160 0.035917
165 0.004265
170 0.006057
175 0.025607
180 0.001285
185 0.058433
190 0.008371
195 0.013633
200 0.020654
205 0.011032
210 0.016525
215 0.013651
220 0.003104
225 0.009213
230 0.018071
235 0.048224
240 0.079868
245 0.058709
250 0.047205
255 0.165435
260 0.009942
265 0.007078
270 0.018819
275 0.006953
280 0.081161
285 0.002856
290 0.010008
295 0.009284
300 0.079542
305 0.017668
310 0.027173
315 0.007537
320 0.007435
325 0.012863
330 0.009555
335 0.087427
340 0.042446
345 0.029609
350 0.012846
355 0.010268
360 0.007381
365 0.011186
370 0.163239
375 0.017747
380 0.025490
385 0.005601
390 0.010958
395 0.003978
400 0.013548
405 0.004348
410 0.003658
415 0.002944
420 0.010130
425 0.017625
430 0.011424
435 0.009918
440 0.001261
445 0.040989
450 0.023798
455 0.026792
460 0.021971
465 0.031673
470 0.013806
475 0.033571
480 0.002643
485 0.009786
490 0.021200
495 0.148468
500 0.004934
5 0.025112
10 0.020602
15 0.015719
20 0.016151
25 0.021680
30 0.019881
35 0.003921
40 0.005515
45 0.037528
50 0.057307
55 0.006480
60 0.001266
65 0.006236
70 0.004355
75 0.016701
80 0.018588
85 0.046571
90 0.031496
95 0.008423
100 0.030937
105 0.001119
110 0.007406
115 0.003227
120 0.002201
125 0.009954
130 0.006596
135 0.007695
140 0.015257
145 0.020312
150 0.001571
155 0.032380
160 0.021874
165 0.030324
170 0.051080
175 0.061851
180 0.000314
185 0.015895
190 0.040193
195 0.016688
200 0.059151
205 0.003358
210 0.020365
215 0.002092
220 0.009528
225 0.025708
230 0.005428
235 0.005576
240 0.018894
245 0.020994
250 0.033770
255 0.011517
260 0.000984
265 0.004327
270 0.022984
275 0.008061
280 0.005492
285 0.015423
290 0.034374
295 0.005411
300 0.026071
305 0.003089
310 0.011630
315 0.008714
320 0.014143
325 0.057125
330 0.003888
335 0.027837
340 0.044719
345 0.035222
350 0.001278
355 0.006142
360 0.012427
365 0.004494
370 0.025117
375 0.036383
380 0.003445
385 0.004903
390 0.000915
395 0.086942
400 0.002512
405 0.070576
410 0.021529
415 0.020452
420 0.014639
425 0.049681
430 0.004408
435 0.022960
440 0.005004
445 0.030982
450 0.019596
455 0.001067
460 0.011555
465 0.003492
470 0.007754
475 0.002371
480 0.013375
485 0.024598
490 0.005116
495 0.044963
500 0.021323
5 0.010874
10 0.003948
15 0.012323
20 0.007787
25 0.013679
30 0.017231
35 0.002334
40 0.004130
45 0.013875
50 0.023834
55 0.009911
60 0.013074
65 0.003350
70 0.002005
75 0.016467
80 0.001140
85 0.003363
90 0.005816
95 0.021476
100 0.007963
105 0.002979
110 0.013579
115 0.000235
120 0.009095
125 0.016296
130 0.003263
135 0.001287
140 0.005153
145 0.045529
150 0.002513
155 0.002380
160 0.003577
165 0.002777
170 0.003380
175 0.002265
180 0.037550
185 0.005137
190 0.035376
195 0.028194
200 0.005651
205 0.000693
210 0.005510
215 0.015579
220 0.019241
225 0.001309
230 0.001701
235 0.002025
240 0.001720
245 0.077274
250 0.000372
255 0.015766
260 0.053592
265 0.020090
270 0.009190
275 0.007295
280 0.001507
285 0.010015
290 0.001275
295 0.000640
300 0.083981
305 0.005632
310 0.005426
315 0.004387
320 0.000625
325 0.001353
330 0.006733
335 0.012716
340 0.006171
345 0.035439
350 0.019094
355 0.099691
360 0.011279
365 0.009734
370 0.007680
375 0.020287
380 0.004771
385 0.000984
390 0.001481
395 0.032019
400 0.004778
405 0.018096
410 0.007434
415 0.017312
420 0.001878
425 0.001802
430 0.033039
435 0.004872
440 0.010621
445 0.041841
450 0.005696
455 0.003144
460 0.003581
465 0.009031
470 0.036574
475 0.066186
480 0.015808
485 0.004960
490 0.001158
495 0.006048
500 0.019093
5 0.018341
10 0.008954
15 0.006117
20 0.002670
25 0.017029
30 0.004995
35 0.001605
40 0.001209
45 0.002730
50 0.000482
55 0.001422
60 0.007156
65 0.000743
70 0.013992
75 0.004575
80 0.000993
85 0.010836
90 0.001864
95 0.004899
100 0.007215
105 0.000988
110 0.000941
115 0.003517
120 0.004860
125 0.000339
130 0.013153
135 0.011901
140 0.003846
145 0.008208
150 0.009987
155 0.012874
160 0.005121
165 0.025203
170 0.013631
175 0.001695
180 0.087775
185 0.031564
190 0.011217
195 0.001961
200 0.007233
205 0.002744
210 0.000846
215 0.003450
220 0.001161
225 0.013264
230 0.008710
235 0.012154
240 0.043318
245 0.002050
250 0.022077
255 0.034177
260 0.036279
265 0.001949
270 0.009851
275 0.016489
280 0.002703
285 0.038355
290 0.006473
295 0.015693
300 0.015422
305 0.002089
310 0.012461
315 0.031707
320 0.027559
325 0.007623
330 0.097066
335 0.009288
340 0.003368
345 0.018253
350 0.016060
355 0.014868
360 0.008269
365 0.011186
370 0.002808
375 0.022965
380 0.020774
385 0.000996
390 0.000699
395 0.008384
400 0.006244
405 0.010221
410 0.014171
415 0.002088
420 0.003025
425 0.015805
430 0.041653
435 0.013505
440 0.012402
445 0.007289
450 0.015249
455 0.012470
460 0.003916
465 0.007175
470 0.029654
475 0.000906
480 0.004008
485 0.003092
490 0.010386
495 0.014725
500 0.012683
5 0.008519
10 0.006257
15 0.011934
20 0.048948
25 0.003509
30 0.024131
35 0.004777
40 0.002187
45 0.004306
50 0.001316
55 0.002013
60 0.001874
65 0.000583
70 0.001008
75 0.006498
80 0.001337
85 0.060067
90 0.025993
95 0.001605
100 0.006752
105 0.000346
110 0.015538
115 0.017346
120 0.006255
125 0.026590
130 0.002929
135 0.000825
140 0.003269
145 0.005380
150 0.006548
155 0.009788
160 0.037307
165 0.021174
170 0.005638
175 0.000302
180 0.006016
185 0.010207
190 0.029465
195 0.012291
200 0.030606
205 0.012762
210 0.000504
215 0.007595
220 0.007850
225 0.003782
230 0.005719
235 0.001204
240 0.002239
245 0.003646
250 0.030691
255 0.000321
260 0.004051
265 0.004621
270 0.013858
275 0.002861
280 0.005679
285 0.022683
290 0.005828
295 0.009708
300 0.005426
305 0.000473
310 0.016196
315 0.000805
320 0.002034
325 0.007845
330 0.002064
335 0.006992
340 0.001322
345 0.020301
350 0.057205
355 0.000674
360 0.041790
365 0.000932
370 0.008172
375 0.003903
380 0.003380
385 0.010294
390 0.006707
395 0.007181
400 0.002516
405 0.000666
410 0.000450
415 0.072149
420 0.000520
425 0.032547
430 0.000995
435 0.016941
440 0.037656
445 0.001751
450 0.064339
455 0.013188
460 0.005748
465 0.007757
470 0.009945
475 0.007243
480 0.012366
485 0.026818
490 0.030660
495 0.042029
500 0.022471
5 0.004164
10 0.002454
15 0.000420
20 0.005689
25 0.001065
30 0.005138
35 0.001933
40 0.002671
45 0.005367
50 0.002658
55 0.001876
60 0.002005
65 0.001318
70 0.005763
75 0.002591
80 0.001845
85 0.003618
90 0.001999
95 0.031199
100 0.014377
105 0.031376
110 0.004469
115 0.015930
120 0.021077
125 0.002215
130 0.000936
135 0.000325
140 0.001461
145 0.003350
150 0.003354
155 0.000952
160 0.004811
165 0.000628
170 0.003023
175 0.003325
180 0.007103
185 0.003845
190 0.005714
195 0.000722
200 0.015279
205 0.003476
210 0.012166
215 0.028266
220 0.023803
225 0.001420
230 0.017499
235 0.004745
240 0.004158
245 0.001514
250 0.005561
255 0.000513
260 0.002995
265 0.020502
270 0.001516
275 0.003793
280 0.016486
285 0.004356
290 0.009487
295 0.003847
300 0.000845
305 0.000858
310 0.011670
315 0.004048
320 0.008167
325 0.003592
330 0.015173
335 0.051958
340 0.000968
345 0.022554
350 0.041367
355 0.002077
360 0.032127
365 0.009794
370 0.004842
375 0.004367
380 0.049933
385 0.030070
390 0.004779
395 0.001420
400 0.002007
405 0.005771
410 0.005218
415 0.016242
420 0.005745
425 0.021866
430 0.003494
435 0.002970
440 0.037002
445 0.029233
450 0.002629
455 0.043419
460 0.003017
465 0.014321
470 0.003251
475 0.023649
480 0.007487
485 0.004021
490 0.000240
495 0.008687
500 0.000712
5 0.001639
10 0.001318
15 0.011295
20 0.007552
25 0.040366
30 0.002440
35 0.012588
40 0.000730
45 0.002489
50 0.025009
55 0.004913
60 0.005404
65 0.010798
70 0.000680
75 0.030992
80 0.003724
85 0.009031
90 0.007176
95 0.018125
100 0.002944
105 0.019755
110 0.000450
115 0.000999
120 0.004308
125 0.000664
130 0.000825
135 0.002335
140 0.004816
145 0.004569
150 0.004101
155 0.002290
160 0.008167
165 0.010056
170 0.049598
175 0.005359
180 0.001554
185 0.000258
190 0.000830
195 0.005929
200 0.038596
205 0.000355
210 0.002970
215 0.023398
220 0.011510
225 0.025486
230 0.000055
235 0.016121
240 0.011549
245 0.002918
250 0.000666
255 0.001627
260 0.002314
265 0.000833
270 0.010795
275 0.000468
280 0.007628
285 0.000056
290 0.002601
295 0.002565
300 0.001467
305 0.001228
310 0.002129
315 0.002622
320 0.057891
325 0.004042
330 0.002359
335 0.000225
340 0.029952
345 0.034504
350 0.000101
355 0.000183
360 0.000248
365 0.005012
370 0.006771
375 0.001807
380 0.010487
385 0.000090
390 0.031570
395 0.046479
400 0.001398
405 0.031716
410 0.012856
415 0.000590
420 0.001245
425 0.007844
430 0.029929
435 0.006236
440 0.029201
445 0.000800
450 0.008747
455 0.000178
460 0.020904
465 0.014897
470 0.000038
475 0.012422
480 0.024502
485 0.030894
490 0.028426
495 0.029246
500 0.000145
5 0.001681
10 0.005932
15 0.019913
20 0.000057
25 0.010455
30 0.000416
35 0.000887
40 0.013011
45 0.032652
50 0.001331
55 0.006325
60 0.008212
65 0.000305
70 0.000930
75 0.001987
80 0.000116
85 0.008933
90 0.000276
95 0.001578
100 0.003711
105 0.014813
110 0.001921
115 0.000466
120 0.002311
125 0.015136
130 0.002222
135 0.005070
140 0.005810
145 0.001334
150 0.012808
155 0.002216
160 0.017235
165 0.002179
170 0.004603
175 0.000125
180 0.002554
185 0.000359
190 0.001676
195 0.007454
200 0.003650
205 0.003496
210 0.011301
215 0.029661
220 0.012626
225 0.047319
230 0.000104
235 0.001111
240 0.000914
245 0.006554
250 0.001065
255 0.000576
260 0.010450
265 0.004442
270 0.001694
275 0.009608
280 0.000935
285 0.001672
290 0.001529
295 0.001140
300 0.000974
305 0.001562
310 0.003883
315 0.000373
320 0.000080
325 0.008506
330 0.000612
335 0.002009
340 0.002453
345 0.008357
350 0.004198
355 0.001403
360 0.001282
365 0.001375
370 0.028382
375 0.000811
380 0.002330
385 0.008487
390 0.001622
395 0.002107
400 0.002518
405 0.010894
410 0.002667
415 0.002435
420 0.000943
425 0.006443
430 0.003109
435 0.000940
440 0.001228
445 0.000740
450 0.003422
455 0.028618
460 0.005748
465 0.006761
470 0.011459
475 0.000144
480 0.004112
485 0.001557
490 0.030852
495 0.009535
500 0.017053
5 0.000782
10 0.001620
15 0.000468
20 0.050799
25 0.002473
30 0.001054
35 0.006158
40 0.000556
45 0.003832
50 0.000542
55 0.002829
60 0.004458
65 0.002209
70 0.001039
75 0.001373
80 0.011006
85 0.000129
90 0.000577
95 0.001323
100 0.008806
105 0.000346
110 0.001737
115 0.004468
120 0.000055
125 0.001064
130 0.001158
135 0.014602
140 0.002108
145 0.000307
150 0.022424
155 0.006083
160 0.002477
165 0.001775
170 0.000089
175 0.001778
180 0.001428
185 0.000727
190 0.001313
195 0.000380
200 0.001382
205 0.000884
210 0.006375
215 0.001891
220 0.003641
225 0.000152
230 0.004674
235 0.000232
240 0.000169
245 0.003838
250 0.001064
255 0.000394
260 0.001235
265 0.000884
270 0.002386
275 0.000268
280 0.007631
285 0.000878
290 0.000162
295 0.000197
300 0.003808
305 0.000208
310 0.004727
315 0.000787
320 0.000134
325 0.006671
330 0.002824
335 0.000664
340 0.002130
345 0.001380
350 0.016502
355 0.000259
360 0.000318
365 0.005008
370 0.005048
375 0.000114
380 0.025800
385 0.001685
390 0.001127
395 0.000664
400 0.001576
405 0.066005
410 0.014405
415 0.000110
420 0.004236
425 0.005377
430 0.006697
435 0.002119
440 0.001277
445 0.000381
450 0.000133
455 0.000592
460 0.000386
465 0.003985
470 0.000105
475 0.003912
480 0.006369
485 0.002926
490 0.000688
495 0.008791
500 0.002540
5 0.035617
10 0.000417
15 0.027418
20 0.006228
25 0.007460
30 0.000989
35 0.003626
40 0.002431
45 0.001873
50 0.004295
55 0.032116
60 0.007620
65 0.000515
70 0.010447
75 0.000244
80 0.002281
85 0.000384
90 0.001580
95 0.001784
100 0.001224
105 0.004345
110 0.001864
115 0.006511
120 0.000189
125 0.001308
130 0.001176
135 0.000037
140 0.001458
145 0.000692
150 0.001675
155 0.008104
160 0.002495
165 0.004177
170 0.003104
175 0.003747
180 0.000437
185 0.001034
190 0.000108
195 0.001783
200 0.003414
205 0.001072
210 0.001305
215 0.001486
220 0.000004
225 0.032812
230 0.000392
235 0.028068
240 0.000076
245 0.039208
250 0.012932
255 0.000016
260 0.000316
265 0.003420
270 0.003388
275 0.001000
280 0.024418
285 0.001158
290 0.000116
295 0.028795
300 0.000271
305 0.000770
310 0.004740
315 0.000301
320 0.042049
325 0.000670
330 0.001129
335 0.040574
340 0.001321
345 0.044085
350 0.001814
355 0.000028
360 0.000472
365 0.000254
370 0.001674
375 0.000207
380 0.005669
385 0.011210
390 0.001896
395 0.003176
400 0.000487
405 0.043538
410 0.000118
415 0.000510
420 0.001520
425 0.006170
430 0.003729
435 0.022562
440 0.004852
445 0.001454
450 0.000218
455 0.000677
460 0.004899
465 0.001418
470 0.000052
475 0.001698
480 0.004055
485 0.003738
490 0.000163
495 0.000928
500 0.017750
5 0.000135
10 0.004853
15 0.000642
20 0.000355
25 0.001008
30 0.015910
35 0.000427
40 0.000136
45 0.005235
50 0.000125
55 0.051413
60 0.004795
65 0.013748
70 0.001638
75 0.003171
80 0.020885
85 0.000307
90 0.000421
95 0.007442
100 0.000674
105 0.002125
110 0.000513
115 0.002430
120 0.000578
125 0.000158
130 0.002162
135 0.001118
140 0.007212
145 0.000076
150 0.000147
155 0.000827
160 0.001818
165 0.000026
170 0.000301
175 0.000649
180 0.000939
185 0.013632
190 0.005644
195 0.000629
200 0.000306
205 0.000077
210 0.001799
215 0.000466
220 0.000348
225 0.001053
230 0.001136
235 0.000193
240 0.000837
245 0.033518
250 0.003863
255 0.000947
260 0.000075
265 0.000103
270 0.018942
275 0.000303
280 0.011670
285 0.000348
290 0.000384
295 0.068051
300 0.001164
305 0.000611
310 0.004001
315 0.002289
320 0.000101
325 0.006068
330 0.000140
335 0.004420
340 0.000331
345 0.004247
350 0.000403
355 0.000093
360 0.019892
365 0.000840
370 0.000463
375 0.000341
380 0.000053
385 0.000266
390 0.000308
395 0.001218
400 0.002602
405 0.000243
410 0.000687
415 0.004147
420 0.015749
425 0.000055
430 0.114959
435 0.002783
440 0.018173
445 0.006000
450 0.003147
455 0.005261
460 0.001006
465 0.069729
470 0.001107
475 0.015413
480 0.000378
485 0.011856
490 0.022095
495 0.000785
500 0.008439
5 0.004650
10 0.000248
15 0.000462
20 0.000052
25 0.003650
30 0.010695
35 0.001476
40 0.001070
45 0.000576
50 0.000701
55 0.004794
60 0.003511
65 0.001707
70 0.000954
75 0.000589
80 0.000859
85 0.000150
90 0.000144
95 0.030849
100 0.000448
105 0.000335
110 0.010083
115 0.000246
120 0.000279
125 0.011849
130 0.000262
135 0.000613
140 0.008526
145 0.000410
150 0.001175
155 0.001893
160 0.020137
165 0.007116
170 0.000470
175 0.005929
180 0.000991
185 0.001089
190 0.000548
195 0.007728
200 0.006042
205 0.000057
210 0.000058
215 0.000014
220 0.000896
225 0.000027
230 0.005318
235 0.002190
240 0.000830
245 0.003347
250 0.000288
255 0.000953
260 0.000793
265 0.000130
270 0.000275
275 0.000997
280 0.000112
285 0.000010
290 0.000578
295 0.000182
300 0.000056
305 0.011579
310 0.012589
315 0.002538
320 0.002015
325 0.005456
330 0.001389
335 0.003097
340 0.000098
345 0.001241
350 0.000253
355 0.000439
360 0.052060
365 0.001596
370 0.004891
375 0.000072
380 0.005685
385 0.000695
390 0.077462
395 0.000098
400 0.024119
405 0.002976
410 0.000210
415 0.001299
420 0.000337
425 0.000405
430 0.000848
435 0.000601
440 0.001226
445 0.034387
450 0.001439
455 0.001722
460 0.036176
465 0.001070
470 0.004643
475 0.024854
480 0.002361
485 0.046888
490 0.006630
495 0.002063
500 0.001058
5 0.000042
10 0.003993
15 0.023964
20 0.000937
25 0.007373
30 0.000366
35 0.041914
40 0.008901
45 0.001583
50 0.012664
55 0.008556
60 0.000245
65 0.000615
70 0.001105
75 0.002990
80 0.001180
85 0.000320
90 0.000321
95 0.000370
100 0.000700
105 0.001765
110 0.002733
115 0.000084
120 0.000610
125 0.003608
130 0.010848
135 0.005368
140 0.000165
145 0.000178
150 0.002435
155 0.000199
160 0.000340
165 0.002170
170 0.027338
175 0.000292
180 0.011630
185 0.000297
190 0.012691
195 0.000084
200 0.000456
205 0.001864
210 0.002802
215 0.002888
220 0.002256
225 0.014203
230 0.000151
235 0.000925
240 0.000022
245 0.000785
250 0.000787
255 0.000683
260 0.002321
265 0.001540
270 0.000089
275 0.000229
280 0.000121
285 0.002042
290 0.000101
295 0.000138
300 0.033758
305 0.005782
310 0.007492
315 0.000548
320 0.002164
325 0.000359
330 0.000035
335 0.000883
340 0.000586
345 0.005047
350 0.000285
355 0.001868
360 0.000200
365 0.002561
370 0.006271
375 0.000887
380 0.004585
385 0.000069
390 0.010553
395 0.000356
400 0.019865
405 0.000071
410 0.000416
415 0.000136
420 0.000851
425 0.000249
430 0.019594
435 0.011715
440 0.008693
445 0.003272
450 0.000307
455 0.000122
460 0.003056
465 0.000351
470 0.000110
475 0.000407
480 0.001063
485 0.000589
490 0.020665
495 0.000199
500 0.000501
5 0.000218
10 0.001076
15 0.000142
20 0.001710
25 0.003860
30 0.000017
35 0.002490
40 0.000301
45 0.001623
50 0.000412
55 0.000034
60 0.000255
65 0.000062
70 0.001497
75 0.000057
80 0.000284
85 0.011558
90 0.000231
95 0.003904
100 0.000022
105 0.002906
110 0.000162
115 0.000500
120 0.000043
125 0.000415
130 0.000342
135 0.000094
140 0.000016
145 0.003763
150 0.000116
155 0.002191
160 0.000199
165 0.000472
170 0.000090
175 0.000670
180 0.002167
185 0.000010
190 0.000270
195 0.000019
200 0.000240
205 0.000004
210 0.000163
215 0.000018
220 0.000273
225 0.000012
230 0.000462
235 0.000069
240 0.000531
245 0.000097
250 0.000041
255 0.001436
260 0.015881
265 0.001248
270 0.000014
275 0.000071
280 0.006866
285 0.001592
290 0.000041
295 0.000784
300 0.001706
305 0.001676
310 0.000360
315 0.000046
320 0.000032
325 0.000266
330 0.000285
335 0.003272
340 0.001160
345 0.000084
350 0.000262
355 0.000327
360 0.000741
365 0.027085
370 0.000361
375 0.000027
380 0.000109
385 0.000640
390 0.000019
395 0.000118
400 0.000048
405 0.000084
410 0.000928
415 0.005208
420 0.002871
425 0.000095
430 0.018409
435 0.002176
440 0.000559
445 0.000092
450 0.000137
455 0.000240
460 0.000329
465 0.000145
470 0.003881
475 0.002030
480 0.001255
485 0.004588
490 0.000081
495 0.001473
500 0.000328
5 0.000059
10 0.000512
15 0.000020
20 0.000050
25 0.000218
30 0.000327
35 0.000061
40 0.000262
45 0.000014
50 0.000114
55 0.000045
60 0.001480
65 0.000031
70 0.000292
75 0.007453
80 0.000009
85 0.000195
90 0.000071
95 0.000342
100 0.004095
105 0.000144
110 0.000021
115 0.000008
120 0.000014
125 0.000626
130 0.000011
135 0.000097
140 0.000620
145 0.011762
150 0.000077
155 0.001240
160 0.000875
165 0.000374
170 0.000091
175 0.000068
180 0.000191
185 0.000171
190 0.000540
195 0.000192
200 0.000054
205 0.000299
210 0.000264
215 0.000043
220 0.000013
225 0.000049
230 0.000013
235 0.008344
240 0.000058
245 0.020653
250 0.011940
255 0.000532
260 0.000319
265 0.000101
270 0.000113
275 0.000086
280 0.000249
285 0.000141
290 0.003289
295 0.040082
300 0.000234
305 0.002444
310 0.000799
315 0.003132
320 0.000602
325 0.000063
330 0.003635
335 0.000188
340 0.000537
345 0.001053
350 0.000213
355 0.005449
360 0.001330
365 0.000566
370 0.000053
375 0.006099
380 0.000060
385 0.092800
390 0.000498
395 0.004271
400 0.008719
405 0.000640
410 0.001512
415 0.000590
420 0.000649
425 0.003030
430 0.000314
435 0.011582
440 0.004545
445 0.000159
450 0.000230
455 0.001164
460 0.003296
465 0.012281
470 0.000432
475 0.000159
480 0.000813
485 0.000127
490 0.000040
495 0.000244
500 0.003080
5 0.014327
10 0.001207
15 0.001037
20 0.000048
25 0.000627
30 0.004258
35 0.004301
40 0.000224
45 0.001233
50 0.001224
55 0.000222
60 0.000268
65 0.000130
70 0.000386
75 0.000003
80 0.000031
85 0.000106
90 0.000426
95 0.000713
100 0.002386
105 0.000076
110 0.000725
115 0.039837
120 0.003533
125 0.003981
130 0.000169
135 0.000537
140 0.011362
145 0.000067
150 0.000016
155 0.000182
160 0.003849
165 0.000235
170 0.006275
175 0.000232
180 0.000127
185 0.000430
190 0.000272
195 0.000920
200 0.000600
205 0.043832
210 0.002166
215 0.000073
220 0.007116
225 0.007744
230 0.010766
235 0.000085
240 0.000021
245 0.004487
250 0.000334
255 0.000078
260 0.001541
265 0.016905
270 0.000052
275 0.001600
280 0.000075
285 0.000765
290 0.000945
295 0.036456
300 0.006516
305 0.008697
310 0.003434
315 0.002647
320 0.003428
325 0.010029
330 0.002824
335 0.002878
340 0.020865
345 0.000711
350 0.000228
355 0.000165
360 0.013479
365 0.001131
370 0.000129
375 0.005501
380 0.001466
385 0.000036
390 0.000187
395 0.001109
400 0.000911
405 0.000201
410 0.000581
415 0.039057
420 0.000063
425 0.007782
430 0.009560
435 0.001798
440 0.000221
445 0.000054
450 0.001500
455 0.000048
460 0.000239
465 0.001835
470 0.008759
475 0.000601
480 0.000453
485 0.001809
490 0.000228
495 0.001710
500 0.000237
5 0.008484
10 0.000026
15 0.047476
20 0.000027
25 0.005336
30 0.000363
35 0.000027
40 0.000076
45 0.000022
50 0.000641
55 0.000270
60 0.000007
65 0.000827
70 0.015411
75 0.000732
80 0.000184
85 0.000307
90 0.001509
95 0.000296
100 0.000761
105 0.000273
110 0.002607
115 0.000138
120 0.001232
125 0.035289
130 0.000074
135 0.000453
140 0.000470
145 0.006764
150 0.006955
155 0.000025
160 0.000768
165 0.000276
170 0.000211
175 0.014030
180 0.000250
185 0.000302
190 0.000003
195 0.000899
200 0.000041
205 0.000113
210 0.006051
215 0.002412
220 0.000059
225 0.002877
230 0.000460
235 0.002680
240 0.000077
245 0.000278
250 0.000012
255 0.003729
260 0.000724
265 0.000061
270 0.000017
275 0.040733
280 0.000129
285 0.000053
290 0.014228
295 0.000295
300 0.009000
305 0.000181
310 0.000529
315 0.000161
320 0.000008
325 0.000420
330 0.008984
335 0.000470
340 0.000400
345 0.003171
350 0.002490
355 0.000484
360 0.000021
365 0.000390
370 0.000023
375 0.000095
380 0.000470
385 0.003649
390 0.004413
395 0.000234
400 0.010713
405 0.000252
410 0.001269
415 0.000822
420 0.000011
425 0.000142
430 0.000252
435 0.008457
440 0.005348
445 0.000822
450 0.000388
455 0.028845
460 0.000238
465 0.000493
470 0.000005
475 0.000089
480 0.010868
485 0.000035
490 0.004560
495 0.000271
500 0.000228
5 0.000773
10 0.000024
15 0.002362
20 0.000755
25 0.001169
30 0.000905
35 0.016465
40 0.000110
45 0.000152
50 0.002512
55 0.000101
60 0.001155
65 0.000374
70 0.004471
75 0.001329
80 0.000129
85 0.000218
90 0.000548
95 0.001349
100 0.000080
105 0.000299
110 0.000143
115 0.010227
120 0.000056
125 0.000027
130 0.000820
135 0.000012
140 0.000379
145 0.000132
150 0.000323
155 0.000558
160 0.001433
165 0.000070
170 0.008032
175 0.001099
180 0.013437
185 0.000146
190 0.017806
195 0.000031
200 0.000044
205 0.000075
210 0.000038
215 0.000015
220 0.000236
225 0.000628
230 0.000112
235 0.000184
240 0.000012
245 0.000134
250 0.000024
255 0.000192
260 0.007626
265 0.000035
270 0.019878
275 0.000217
280 0.000018
285 0.006519
290 0.004007
295 0.000134
300 0.000373
305 0.000249
310 0.000131
315 0.000518
320 0.000019
325 0.009587
330 0.000130
335 0.002259
340 0.006006
345 0.011460
350 0.002509
355 0.000257
360 0.000436
365 0.002008
370 0.000163
375 0.000594
380 0.000082
385 0.000010
390 0.004715
395 0.008237
400 0.001324
405 0.000031
410 0.000509
415 0.001074
420 0.000065
425 0.007003
430 0.005838
435 0.000057
440 0.002889
445 0.000309
450 0.000650
455 0.001295
460 0.000080
465 0.001318
470 0.032103
475 0.041563
480 0.012763
485 0.000448
490 0.000015
495 0.003651
500 0.035259
5 0.000153
10 0.000081
15 0.000522
20 0.000188
25 0.000305
30 0.000165
35 0.000333
40 0.004620
45 0.002283
50 0.000106
55 0.000157
60 0.000048
65 0.023693
70 0.000017
75 0.000655
80 0.000055
85 0.036705
90 0.005175
95 0.000328
100 0.000094
105 0.000334
110 0.006952
115 0.001682
120 0.000103
125 0.011193
130 0.025051
135 0.001521
140 0.000565
145 0.000146
150 0.001449
155 0.026735
160 0.001170
165 0.000332
170 0.000115
175 0.005248
180 0.000242
185 0.000543
190 0.004020
195 0.000382
200 0.000100
205 0.000139
210 0.031439
215 0.000817
220 0.000930
225 0.006072
230 0.003072
235 0.000077
240 0.000078
245 0.000599
250 0.000213
255 0.002506
260 0.000217
265 0.001519
270 0.000006
275 0.000011
280 0.008382
285 0.000176
290 0.001071
295 0.000236
300 0.000077
305 0.000233
310 0.000618
315 0.000019
320 0.002383
325 0.001312
330 0.003378
335 0.000070
340 0.019479
345 0.000007
350 0.001982
355 0.006036
360 0.000951
365 0.000040
370 0.000061
375 0.000469
380 0.000140
385 0.002161
390 0.001833
395 0.001082
400 0.000013
405 0.005329
410 0.000000
415 0.000025
420 0.000018
425 0.000036
430 0.000709
435 0.000096
440 0.000606
445 0.002491
450 0.000149
455 0.006685
460 0.000088
465 0.000037
470 0.000314
475 0.000032
480 0.000065
485 0.000112
490 0.000011
495 0.000096
500 0.000090
5 0.000511
10 0.000139
15 0.000098
20 0.045431
25 0.003130
30 0.001825
35 0.000028
40 0.000062
45 0.000004
50 0.000073
55 0.000155
60 0.000885
65 0.000021
70 0.000666
75 0.000037
80 0.000801
85 0.002402
90 0.000001
95 0.007756
100 0.002359
105 0.000297
110 0.000101
115 0.000597
120 0.000021
125 0.001979
130 0.000374
135 0.000025
140 0.000058
145 0.000263
150 0.000610
155 0.000008
160 0.000337
165 0.013727
170 0.000467
175 0.000015
180 0.000110
185 0.000065
190 0.000036
195 0.000033
200 0.001262
205 0.000041
210 0.000024
215 0.000161
220 0.000208
225 0.000289
230 0.000201
235 0.000055
240 0.000209
245 0.000053
250 0.000007
255 0.000129
260 0.000004
265 0.000854
270 0.000009
275 0.000002
280 0.000109
285 0.000655
290 0.000008
295 0.000011
300 0.000282
305 0.001843
310 0.000021
315 0.001926
320 0.000024
325 0.000108
330 0.000098
335 0.000282
340 0.000713
345 0.001174
350 0.000007
355 0.000395
360 0.003154
365 0.000321
370 0.000103
375 0.000025
380 0.000279
385 0.000003
390 0.004845
395 0.000145
400 0.000046
405 0.007866
410 0.000024
415 0.000002
420 0.000221
425 0.000453
430 0.000196
435 0.000103
440 0.007725
445 0.015502
450 0.000100
455 0.000072
460 0.000015
465 0.000013
470 0.000213
475 0.000345
480 0.022286
485 0.000237
490 0.000012
495 0.000023
500 0.000042
5 0.001094
10 0.000013
15 0.005009
20 0.000015
25 0.000000
30 0.001918
35 0.006544
40 0.000335
45 0.001403
50 0.000062
55 0.000135
60 0.000364
65 0.000148
70 0.000300
75 0.000332
80 0.000012
85 0.000402
90 0.000041
95 0.000500
100 0.001290
105 0.000029
110 0.000061
115 0.000036
120 0.000210
125 0.006647
130 0.008310
135 0.000077
140 0.011047
145 0.000005
150 0.000128
155 0.000009
160 0.000074
165 0.000021
170 0.000640
175 0.000086
180 0.000022
185 0.000095
190 0.000005
195 0.000001
200 0.000087
205 0.000051
210 0.000236
215 0.055561
220 0.000253
225 0.000017
230 0.000479
235 0.000213
240 0.000266
245 0.000111
250 0.000088
255 0.000238
260 0.000089
265 0.001353
270 0.000393
275 0.000116
280 0.004619
285 0.000005
290 0.000304
295 0.000153
300 0.001391
305 0.000207
310 0.000107
315 0.000002
320 0.003669
325 0.000016
330 0.000000
335 0.000945
340 0.000689
345 0.000003
350 0.000041
355 0.000592
360 0.000325
365 0.000011
370 0.000003
375 0.000027
380 0.000039
385 0.000373
390 0.001208
395 0.000055
400 0.004104
405 0.000004
410 0.000004
415 0.000022
420 0.000037
425 0.000016
430 0.001199
435 0.000172
440 0.000034
445 0.000027
450 0.000170
455 0.000107
460 0.000009
465 0.000248
470 0.000782
475 0.000216
480 0.000048
485 0.000175
490 0.000607
495 0.000006
500 0.000168
5 0.000017
10 0.000285
15 0.000650
20 0.000000
25 0.000058
30 0.000053
35 0.000364
40 0.000122
45 0.000112
50 0.000005
55 0.000811
60 0.000037
65 0.004802
70 0.000003
75 0.029619
80 0.000003
85 0.000698
90 0.007977
95 0.000289
100 0.000797
105 0.000020
110 0.000018
115 0.000560
120 0.000284
125 0.002548
130 0.000248
135 0.000460
140 0.000090
145 0.000020
150 0.000045
155 0.000072
160 0.003292
165 0.000319
170 0.004266
175 0.000088
180 0.000073
185 0.000437
190 0.000161
195 0.025537
200 0.000008
205 0.000371
210 0.000031
215 0.000152
220 0.000798
225 0.000072
230 0.000008
235 0.000053
240 0.000005
245 0.000000
250 0.000006
255 0.000672
260 0.000346
265 0.000013
270 0.000065
275 0.000293
280 0.000005
285 0.000001
290 0.000013
295 0.000074
300 0.000008
305 0.000478
310 0.000116
315 0.000022
320 0.000009
325 0.000009
330 0.000500
335 0.000020
340 0.000004
345 0.000094
350 0.000005
355 0.000005
360 0.000091
365 0.000485
370 0.000006
375 0.000026
380 0.000307
385 0.000114
390 0.000424
395 0.000019
400 0.000081
405 0.000015
410 0.000021
415 0.008238
420 0.002497
425 0.001025
430 0.006197
435 0.000030
440 0.001878
445 0.000045
450 0.000333
455 0.000185
460 0.000016
465 0.000023
470 0.000020
475 0.000048
480 0.000186
485 0.000037
490 0.002506
495 0.000081
500 0.000004
5 0.049434
10 0.000000
15 0.000008
20 0.001986
25 0.000037
30 0.000573
35 0.006832
40 0.001006
45 0.000000
50 0.000310
55 0.000058
60 0.073916
65 0.000163
70 0.000032
75 0.011039
80 0.000078
85 0.000917
90 0.000880
95 0.000026
100 0.003675
105 0.000017
110 0.000087
115 0.000189
120 0.000150
125 0.000002
130 0.000005
135 0.000754
140 0.000006
145 0.000393
150 0.000342
155 0.000238
160 0.000633
165 0.000246
170 0.018630
175 0.000004
180 0.000502
185 0.003903
190 0.000090
195 0.000020
200 0.000601
205 0.014379
210 0.005514
215 0.000557
220 0.035851
225 0.000460
230 0.000052
235 0.000569
240 0.000254
245 0.022351
250 0.000504
255 0.000106
260 0.018476
265 0.008656
270 0.000496
275 0.005102
280 0.001770
285 0.000087
290 0.001063
295 0.001885
300 0.000036
305 0.000719
310 0.048978
315 0.000069
320 0.000559
325 0.003787
330 0.000033
335 0.096456
340 0.010185
345 0.000077
350 0.027453
355 0.000439
360 0.001561
365 0.038780
370 0.001160
375 0.000010
380 0.000561
385 0.018536
390 0.000754
395 0.004199
400 0.000283
405 0.011865
410 0.000136
415 0.000140
420 0.000078
425 0.000017
430 0.000102
435 0.000064
440 0.002935
445 0.000136
450 0.003375
455 0.011317
460 0.000429
465 0.009220
470 0.000017
475 0.001167
480 0.000707
485 0.000732
490 0.000857
495 0.011031
500 0.000031
5 0.000022
10 0.000009
15 0.000103
20 0.000030
25 0.003401
30 0.000025
35 0.000704
40 0.000197
45 0.003416
50 0.006036
55 0.000164
60 0.000182
65 0.001699
70 0.004263
75 0.000008
80 0.000865
85 0.000300
90 0.000212
95 0.010258
100 0.000795
105 0.000436
110 0.000014
115 0.000030
120 0.000149
125 0.000316
130 0.000025
135 0.000000
140 0.000159
145 0.014555
150 0.018088
155 0.000016
160 0.000133
165 0.000007
170 0.001331
175 0.000007
180 0.006690
185 0.000050
190 0.000010
195 0.000004
200 0.003036
205 0.000541
210 0.000159
215 0.000065
220 0.000005
225 0.001110
230 0.000036
235 0.000136
240 0.000361
245 0.000323
250 0.001245
255 0.001858
260 0.000255
265 0.001856
270 0.000156
275 0.035534
280 0.000009
285 0.000072
290 0.000015
295 0.000461
300 0.002336
305 0.000219
310 0.000813
315 0.006986
320 0.000261
325 0.001130
330 0.001909
335 0.000050
340 0.000008
345 0.000002
350 0.000870
355 0.000195
360 0.001029
365 0.001140
370 0.000005
375 0.035124
380 0.000653
385 0.067613
390 0.006901
395 0.000035
400 0.000811
405 0.013101
410 0.000613
415 0.000139
420 0.000059
425 0.000159
430 0.021346
435 0.042186
440 0.000267
445 0.000014
450 0.000021
455 0.005380
460 0.000004
465 0.000001
470 0.000623
475 0.000454
480 0.000059
485 0.000208
490 0.002857
495 0.000119
500 0.000174
5 0.002764
10 0.001053
15 0.001357
20 0.000935
25 0.000025
30 0.000149
35 0.000594
40 0.000023
45 0.000464
50 0.000004
55 0.000010
60 0.000006
65 0.000028
70 0.000456
75 0.000142
80 0.000009
85 0.000034
90 0.000300
95 0.000028
100 0.000740
105 0.000446
110 0.001462
115 0.000046
120 0.000028
125 0.011828
130 0.000117
135 0.000003
140 0.000289
145 0.000164
150 0.000063
155 0.001433
160 0.000101
165 0.000041
170 0.000074
175 0.000006
180 0.000011
185 0.000342
190 0.000036
195 0.000024
200 0.000075
205 0.000000
210 0.000397
215 0.000008
220 0.001389
225 0.000006
230 0.000001
235 0.000193
240 0.000509
245 0.000029
250 0.005188
255 0.000041
260 0.000002
265 0.000951
270 0.000245
275 0.005403
280 0.000034
285 0.000023
290 0.000069
295 0.005548
300 0.000065
305 0.000674
310 0.001149
315 0.000012
320 0.001331
325 0.000486
330 0.002919
335 0.000634
340 0.008670
345 0.000044
350 0.000269
355 0.000051
360 0.004043
365 0.000071
370 0.004677
375 0.006236
380 0.000075
385 0.021915
390 0.000010
395 0.000091
400 0.000264
405 0.000021
410 0.000034
415 0.007254
420 0.000238
425 0.006606
430 0.006130
435 0.000027
440 0.000216
445 0.000015
450 0.000001
455 0.002504
460 0.000614
465 0.000027
470 0.000009
475 0.000125
480 0.000597
485 0.000004
490 0.001241
495 0.000118
500 0.006271
5 0.000060
10 0.000340
15 0.000859
20 0.000434
25 0.000005
30 0.000161
35 0.000029
40 0.000011
45 0.000019
50 0.018780
55 0.000003
60 0.000004
65 0.000586
70 0.001089
75 0.000110
80 0.000002
85 0.003023
90 0.000054
95 0.021190
100 0.005173
105 0.000855
110 0.001379
115 0.000899
120 0.002375
125 0.000956
130 0.000444
135 0.002051
140 0.000042
145 0.002628
150 0.000211
155 0.001983
160 0.000018
165 0.000020
170 0.000058
175 0.000064
180 0.000160
185 0.000145
190 0.000136
195 0.000041
200 0.003461
205 0.001576
210 0.000009
215 0.000102
220 0.000073
225 0.000017
230 0.001489
235 0.000042
240 0.000155
245 0.000061
250 0.000016
255 0.002156
260 0.000115
265 0.003933
270 0.000037
275 0.000091
280 0.007143
285 0.002148
290 0.000508
295 0.000540
300 0.001898
305 0.000132
310 0.004954
315 0.001659
320 0.000038
325 0.000002
330 0.000015
335 0.000008
340 0.000270
345 0.000029
350 0.011921
355 0.000040
360 0.000004
365 0.000408
370 0.000014
375 0.000010
380 0.000004
385 0.000260
390 0.000005
395 0.000001
400 0.001017
405 0.000029
410 0.000034
415 0.000556
420 0.000031
425 0.000067
430 0.000085
435 0.000006
440 0.000006
445 0.000571
450 0.000109
455 0.000035
460 0.000189
465 0.000012
470 0.000242
475 0.000002
480 0.001609
485 0.000004
490 0.000044
495 0.000214
500 0.000005
5 0.000533
10 0.000008
15 0.000023
20 0.000026
25 0.000325
30 0.000004
35 0.000039
40 0.000003
45 0.000006
50 0.000008
55 0.000018
60 0.001981
65 0.000054
70 0.000017
75 0.000003
80 0.007570
85 0.000045
90 0.006757
95 0.023985
100 0.000077
105 0.000011
110 0.000002
115 0.000173
120 0.000018
125 0.000004
130 0.000114
135 0.000185
140 0.004538
145 0.001401
150 0.000042
155 0.000110
160 0.000457
165 0.000005
170 0.000034
175 0.000537
180 0.000066
185 0.000003
190 0.000231
195 0.000005
200 0.000109
205 0.000847
210 0.000098
215 0.001790
220 0.000009
225 0.000276
230 0.000017
235 0.000355
240 0.000120
245 0.000199
250 0.000158
255 0.000018
260 0.000035
265 0.001086
270 0.000490
275 0.000139
280 0.001375
285 0.000002
290 0.000198
295 0.000002
300 0.008332
305 0.000197
310 0.001020
315 0.000079
320 0.003081
325 0.000038
330 0.000073
335 0.000280
340 0.000000
345 0.000116
350 0.000007
355 0.006396
360 0.000026
365 0.000225
370 0.000113
375 0.000006
380 0.000000
385 0.000001
390 0.000147
395 0.000105
400 0.000781
405 0.000007
410 0.000082
415 0.000061
420 0.000047
425 0.000000
430 0.001165
435 0.000354
440 0.000002
445 0.000018
450 0.000006
455 0.000361
460 0.000229
465 0.028986
470 0.000577
475 0.006659
480 0.000025
485 0.000073
490 0.000010
495 0.000040
500 0.001773
5 0.000665
10 0.000229
15 0.001624
20 0.000817
25 0.000003
30 0.000136
35 0.000007
40 0.014117
45 0.000303
50 0.001162
55 0.000082
60 0.000002
65 0.004503
70 0.000175
75 0.000064
80 0.000214
85 0.000175
90 0.000113
95 0.000003
100 0.004544
105 0.000190
110 0.000016
115 0.000026
120 0.000088
125 0.000038
130 0.000011
135 0.001991
140 0.002007
145 0.000061
150 0.000115
155 0.000015
160 0.000038
165 0.000020
170 0.000549
175 0.000004
180 0.000035
185 0.000004
190 0.000002
195 0.000069
200 0.000720
205 0.000017
210 0.000005
215 0.000366
220 0.000520
225 0.000274
230 0.000032
235 0.000517
240 0.000192
245 0.003817
250 0.000902
255 0.000143
260 0.000032
265 0.000333
270 0.000078
275 0.000076
280 0.000934
285 0.001795
290 0.005567
295 0.000061
300 0.000014
305 0.000040
310 0.000033
315 0.005105
320 0.000041
325 0.000006
330 0.014105
335 0.000911
340 0.000203
345 0.001188
350 0.000163
355 0.002073
360 0.000004
365 0.000072
370 0.000153
375 0.000081
380 0.000000
385 0.000612
390 0.045710
395 0.000011
400 0.000051
405 0.001990
410 0.000080
415 0.006955
420 0.000030
425 0.000036
430 0.000304
435 0.000094
440 0.000048
445 0.000071
450 0.000002
455 0.000031
460 0.000034
465 0.000336
470 0.000239
475 0.000117
480 0.011255
485 0.000007
490 0.000006
495 0.000071
500 0.000027
5 0.000923
10 0.000007
15 0.000002
20 0.000009
25 0.000023
30 0.000199
35 0.000249
40 0.000035
45 0.003131
50 0.052378
55 0.039592
60 0.000701
65 0.174409
70 0.000105
75 0.000277
80 0.000341
85 0.000416
90 0.000945
95 0.000031
100 0.000024
105 0.001148
110 0.002123
115 0.000078
120 0.000050
125 0.000003
130 0.000140
135 0.001450
140 0.004338
145 0.000612
150 0.000497
155 0.001813
160 0.000129
165 0.000040
170 0.000277
175 0.000162
180 0.032885
185 0.000008
190 0.000008
195 0.000669
200 0.000027
205 0.000047
210 0.000054
215 0.000088
220 0.000119
225 0.000070
230 0.000500
235 0.004518
240 0.112939
245 0.000253
250 0.000230
255 0.010790
260 0.000155
265 0.000241
270 0.001174
275 0.002799
280 0.000304
285 0.000547
290 0.000112
295 0.001515
300 0.000049
305 0.000002
310 0.051379
315 0.000005
320 0.008782
325 0.000260
330 0.000019
335 0.000408
340 0.005502
345 0.001611
350 0.000006
355 0.000183
360 0.004468
365 0.003935
370 0.000006
375 0.000014
380 0.000031
385 0.000116
390 0.007165
395 0.000387
400 0.000001
405 0.000000
410 0.000007
415 0.002449
420 0.000882
425 0.000483
430 0.000011
435 0.000048
440 0.000585
445 0.000001
450 0.001040
455 0.000539
460 0.000052
465 0.001029
470 0.000621
475 0.000088
480 0.000077
485 0.000085
490 0.000203
495 0.000135
500 0.000011
5 0.000004
10 0.002356
15 0.000089
20 0.000090
25 0.000428
30 0.000046
35 0.000002
40 0.000016
45 0.001342
50 0.000280
55 0.007728
60 0.000540
65 0.000014
70 0.000237
75 0.000290
80 0.000116
85 0.005395
90 0.000169
95 0.007026
100 0.000059
105 0.000000
110 0.000012
115 0.000063
120 0.000073
125 0.000007
130 0.000887
135 0.000028
140 0.007730
145 0.000135
150 0.000470
155 0.000284
160 0.008878
165 0.000022
170 0.000068
175 0.000204
180 0.000076
185 0.005000
190 0.045833
195 0.000010
200 0.001838
205 0.000003
210 0.000026
215 0.000021
220 0.020243
225 0.003965
230 0.015926
235 0.000018
240 0.000024
245 0.003393
250 0.000001
255 0.008408
260 0.029591
265 0.000521
270 0.000119
275 0.000255
280 0.005355
285 0.003772
290 0.000092
295 0.000000
300 0.000699
305 0.021931
310 0.000427
315 0.003017
320 0.000029
325 0.001306
330 0.034611
335 0.000196
340 0.000015
345 0.001021
350 0.001175
355 0.001444
360 0.000362
365 0.035535
370 0.000003
375 0.009198
380 0.000450
385 0.003076
390 0.004071
395 0.000246
400 0.000185
405 0.000008
410 0.000083
415 0.000020
420 0.000432
425 0.000026
430 0.002595
435 0.000009
440 0.048631
445 0.000010
450 0.001694
455 0.005929
460 0.014199
465 0.000005
470 0.000006
475 0.047969
480 0.025601
485 0.017735
490 0.000043
495 0.022456
500 0.000006
5 0.000058
10 0.000005
15 0.000027
20 0.000001
25 0.001471
30 0.000001
35 0.001578
40 0.000026
45 0.000089
50 0.001170
55 0.002754
60 0.001418
65 0.000000
70 0.000031
75 0.000007
80 0.000016
85 0.000889
90 0.000680
95 0.064931
100 0.001170
105 0.000029
110 0.000034
115 0.002431
120 0.000013
125 0.000005
130 0.000672
135 0.002024
140 0.000014
145 0.000112
150 0.001526
155 0.000034
160 0.000001
165 0.000006
170 0.000182
175 0.000009
180 0.000100
185 0.000048
190 0.000008
195 0.000905
200 0.000000
205 0.000026
210 0.000017
215 0.000655
220 0.000140
225 0.000037
230 0.000039
235 0.000692
240 0.000211
245 0.000002
250 0.000097
255 0.000004
260 0.000613
265 0.000491
270 0.000006
275 0.000037
280 0.000003
285 0.000001
290 0.000378
295 0.016878
300 0.001525
305 0.000079
310 0.000746
315 0.000002
320 0.000099
325 0.000001
330 0.000005
335 0.001481
340 0.000088
345 0.001419
350 0.000058
355 0.001354
360 0.000330
365 0.000127
370 0.000018
375 0.000001
380 0.000002
385 0.000013
390 0.000002
395 0.000540
400 0.000011
405 0.000007
410 0.000062
415 0.000040
420 0.000020
425 0.016128
430 0.000029
435 0.000056
440 0.000005
445 0.000160
450 0.000001
455 0.000131
460 0.000032
465 0.000387
470 0.000277
475 0.000192
480 0.000001
485 0.000001
490 0.000420
495 0.000869
500 0.006273
5 0.000000
10 0.000000
15 0.000022
20 0.000005
25 0.000059
30 0.000015
35 0.000008
40 0.000003
45 0.001747
50 0.000007
55 0.000015
60 0.000064
65 0.000011
70 0.000008
75 0.000021
80 0.000018
85 0.000001
90 0.000000
95 0.000002
100 0.000130
105 0.000001
110 0.000113
115 0.000026
120 0.000051
125 0.000002
130 0.000001
135 0.000003
140 0.000001
145 0.000006
150 0.000000
155 0.000008
160 0.000010
165 0.000044
170 0.000008
175 0.001786
180 0.000017
185 0.001134
190 0.000028
195 0.000214
200 0.000006
205 0.000004
210 0.000047
215 0.000002
220 0.000001
225 0.000043
230 0.000007
235 0.000006
240 0.000071
245 0.000006
250 0.000004
255 0.000001
260 0.000489
265 0.000000
270 0.000010
275 0.000000
280 0.000003
285 0.000000
290 0.000001
295 0.000055
300 0.000001
305 0.005186
310 0.000057
315 0.000336
320 0.000007
325 0.000012
330 0.000002
335 0.000016
340 0.000316
345 0.000004
350 0.000316
355 0.000002
360 0.000003
365 0.000000
370 0.000155
375 0.000005
380 0.000006
385 0.000020
390 0.000434
395 0.000020
400 0.000114
405 0.000741
410 0.000000
415 0.000001
420 0.000014
425 0.000013
430 0.000000
435 0.000001
440 0.000013
445 0.000004
450 0.000001
455 0.000044
460 0.000001
465 0.000017
470 0.000001
475 0.000083
480 0.000148
485 0.000003
490 0.000055
495 0.000010
500 0.000125
5 0.000002
10 0.000006
15 0.000053
20 0.000000
25 0.000001
30 0.000000
35 0.000008
40 0.000002
45 0.000020
50 0.000008
55 0.000066
60 0.000002
65 0.000002
70 0.000008
75 0.000005
80 0.000000
85 0.000036
90 0.000228
95 0.000005
100 0.000010
105 0.000006
110 0.000047
115 0.000015
120 0.000001
125 0.000008
130 0.000000
135 0.000001
140 0.000000
145 0.000042
150 0.000022
155 0.000002
160 0.000002
165 0.000004
170 0.000000
175 0.000052
180 0.000026
185 0.000037
190 0.000000
195 0.000001
200 0.000029
205 0.000003
210 0.000027
215 0.000003
220 0.000004
225 0.000028
230 0.000008
235 0.000008
240 0.000008
245 0.000132
250 0.000005
255 0.000001
260 0.000007
265 0.000003
270 0.000000
275 0.000001
280 0.000012
285 0.000002
290 0.000000
295 0.000000
300 0.000003
305 0.000198
310 0.000002
315 0.000001
320 0.000047
325 0.000001
330 0.000001
335 0.000002
340 0.000002
345 0.000003
350 0.000001
355 0.000001
360 0.000046
365 0.000001
370 0.000038
375 0.000004
380 0.000002
385 0.000003
390 0.000001
395 0.000009
400 0.000000
405 0.000044
410 0.000002
415 0.000007
420 0.000000
425 0.000005
430 0.000000
435 0.000095
440 0.000000
445 0.000027
450 0.000014
455 0.000002
460 0.000002
465 0.000013
470 0.000007
475 0.000003
480 0.000008
485 0.000013
490 0.000010
495 0.000006
500 0.000000
5 0.000010
10 0.000042
15 0.000002
20 0.000011
25 0.000015
30 0.000004
35 0.000007
40 0.000005
45 0.000003
50 0.000003
55 0.000048
60 0.000017
65 0.000002
70 0.000033
75 0.000003
80 0.000015
85 0.000005
90 0.000002
95 0.000006
100 0.000003
105 0.000008
110 0.000016
115 0.000002
120 0.000000
125 0.000002
130 0.000012
135 0.000123
140 0.000000
145 0.000013
150 0.000006
155 0.000003
160 0.000001
165 0.000005
170 0.000005
175 0.000001
180 0.000006
185 0.000002
190 0.000011
195 0.000001
200 0.000002
205 0.000027
210 0.000003
215 0.000003
220 0.000000
225 0.000000
230 0.000003
235 0.000015
240 0.000001
245 0.000014
250 0.000000
255 0.000005
260 0.000003
265 0.000032
270 0.000001
275 0.000027
280 0.000000
285 0.000008
290 0.000017
295 0.000006
300 0.000001
305 0.000000
310 0.000009
315 0.000017
320 0.000004
325 0.000015
330 0.000005
335 0.000007
340 0.000004
345 0.000005
350 0.000000
355 0.000001
360 0.000047
365 0.000001
370 0.000011
375 0.000003
380 0.000041
385 0.000000
390 0.000031
395 0.000001
400 0.000000
405 0.000000
410 0.000002
415 0.000001
420 0.000022
425 0.000000
430 0.000021
435 0.000010
440 0.000001
445 0.000001
450 0.000013
455 0.000005
460 0.000006
465 0.000009
470 0.000064
475 0.000000
480 0.000002
485 0.000000
490 0.000005
495 0.000001
500 0.000001
5 0.000000
10 0.000060
15 0.000000
20 0.000001
25 0.000007
30 0.000002
35 0.000000
40 0.000001
45 0.000019
50 0.000014
55 0.000001
60 0.000001
65 0.000001
70 0.000019
75 0.000002
80 0.000011
85 0.000000
90 0.000027
95 0.000000
100 0.000019
105 0.000002
110 0.000013
115 0.000000
120 0.000003
125 0.000015
130 0.000022
135 0.000036
140 0.000000
145 0.000001
150 0.000008
155 0.000000
160 0.000019
165 0.000008
170 0.000006
175 0.000001
180 0.000003
185 0.000006
190 0.000001
195 0.000016
200 0.000000
205 0.000003
210 0.000000
215 0.000001
220 0.000026
225 0.000001
230 0.000000
235 0.000000
240 0.000003
245 0.000001
250 0.000003
255 0.000001
260 0.000000
265 0.000009
270 0.000000
275 0.000001
280 0.000000
285 0.000031
290 0.000000
295 0.000032
300 0.000003
305 0.000003
310 0.000003
315 0.000023
320 0.000003
325 0.000001
330 0.000020
335 0.000035
340 0.000028
345 0.000009
350 0.000001
355 0.000012
360 0.000004
365 0.000000
370 0.000010
375 0.000003
380 0.000051
385 0.000001
390 0.000011
395 0.000006
400 0.000034
405 0.000009
410 0.000012
415 0.000021
420 0.000003
425 0.000000
430 0.000000
435 0.000018
440 0.000001
445 0.000005
450 0.000000
455 0.000002
460 0.000002
465 0.000004
470 0.000002
475 0.000000
480 0.000004
485 0.000019
490 0.000000
495 0.000002
500 0.000020
5 0.000001
10 0.000004
15 0.000003
20 0.000002
25 0.000004
30 0.000037
35 0.000032
40 0.000000
45 0.000002
50 0.000000
55 0.000006
60 0.000027
65 0.000016
70 0.000027
75 0.000011
80 0.000001
85 0.000000
90 0.000000
95 0.000001
100 0.000000
105 0.000000
110 0.000000
115 0.000009
120 0.000001
125 0.000000
130 0.000012
135 0.000001
140 0.000004
145 0.000011
150 0.000002
155 0.000000
160 0.000000
165 0.000002
170 0.000035
175 0.000031
180 0.000004
185 0.000001
190 0.000000
195 0.000001
200 0.000005
205 0.000000
210 0.000004
215 0.000002
220 0.000002
225 0.000005
230 0.000000
235 0.000017
240 0.000025
245 0.000002
250 0.000009
255 0.000002
260 0.000000
265 0.000005
270 0.000000
275 0.000001
280 0.000005
285 0.000001
290 0.000033
295 0.000005
300 0.000001
305 0.000005
310 0.000000
315 0.000000
320 0.000018
325 0.000001
330 0.000000
335 0.000000
340 0.000004
345 0.000016
350 0.000005
355 0.000003
360 0.000001
365 0.000000
370 0.000028
375 0.000001
380 0.000000
385 0.000001
390 0.000001
395 0.000012
400 0.000024
405 0.000007
410 0.000001
415 0.000030
420 0.000011
425 0.000000
430 0.000001
435 0.000000
440 0.000029
445 0.000012
450 0.000002
455 0.000004
460 0.000023
465 0.000027
470 0.000001
475 0.000005
480 0.000000
485 0.000000
490 0.000013
495 0.000032
500 0.000039
5 0.000003
10 0.000000
15 0.000009
20 0.000016
25 0.000001
30 0.000002
35 0.000000
40 0.000000
45 0.000000
50 0.000003
55 0.000011
60 0.000001
65 0.000002
70 0.000006
75 0.000023
80 0.000009
85 0.000027
90 0.000016
95 0.000014
100 0.000011
105 0.000010
110 0.000000
115 0.000003
120 0.000001
125 0.000018
130 0.000000
135 0.000003
140 0.000000
145 0.000029
150 0.000001
155 0.000024
160 0.000000
165 0.000008
170 0.000000
175 0.000007
180 0.000001
185 0.000014
190 0.000001
195 0.000000
200 0.000000
205 0.000012
210 0.000008
215 0.000014
220 0.000002
225 0.000000
230 0.000004
235 0.000000
240 0.000024
245 0.000008
250 0.000006
255 0.000002
260 0.000010
265 0.000009
270 0.000018
275 0.000006
280 0.000001
285 0.000003
290 0.000001
295 0.000023
300 0.000005
305 0.000001
310 0.000000
315 0.000027
320 0.000000
325 0.000001
330 0.000006
335 0.000002
340 0.000000
345 0.000000
350 0.000005
355 0.000004
360 0.000001
365 0.000004
370 0.000000
375 0.000001
380 0.000004
385 0.000006
390 0.000010
395 0.000010
400 0.000003
405 0.000002
410 0.000006
415 0.000000
420 0.000007
425 0.000007
430 0.000000
435 0.000017
440 0.000000
445 0.000008
450 0.000005
455 0.000001
460 0.000000
465 0.000000
470 0.000003
475 0.000000
480 0.000009
485 0.000000
490 0.000000
495 0.000004
500 0.000002
5 0.000004
10 0.000000
15 0.000001
20 0.000001
25 0.000003
30 0.000003
35 0.000013
40 0.000011
45 0.000001
50 0.000000
55 0.000004
60 0.000002
65 0.000013
70 0.000015
75 0.000013
80 0.000006
85 0.000003
90 0.000007
95 0.000000
100 0.000001
105 0.000001
110 0.000002
115 0.000001
120 0.000007
125 0.000003
130 0.000003
135 0.000005
140 0.000000
145 0.000005
150 0.000000
155 0.000000
160 0.000003
165 0.000005
170 0.000003
175 0.000005
180 0.000005
185 0.000002
190 0.000007
195 0.000002
200 0.000002
205 0.000000
210 0.000002
215 0.000005
220 0.000000
225 0.000000
230 0.000000
235 0.000005
240 0.000022
245 0.000003
250 0.000000
255 0.000005
260 0.000000
265 0.000001
270 0.000007
275 0.000005
280 0.000003
285 0.000004
290 0.000006
295 0.000017
300 0.000002
305 0.000004
310 0.000011
315 0.000004
320 0.000002
325 0.000004
330 0.000013
335 0.000002
340 0.000002
345 0.000001
350 0.000000
355 0.000002
360 0.000001
365 0.000000
370 0.000002
375 0.000016
380 0.000010
385 0.000002
390 0.000000
395 0.000008
400 0.000001
405 0.000003
410 0.000000
415 0.000005
420 0.000000
425 0.000001
430 0.000002
435 0.000012
440 0.000010
445 0.000026
450 0.000004
455 0.000005
460 0.000001
465 0.000004
470 0.000004
475 0.000001
480 0.000000
485 0.000005
490 0.000007
495 0.000001
500 0.000001
5 0.000000
10 0.000001
15 0.000000
20 0.000009
25 0.000001
30 0.000016
35 0.000000
40 0.000000
45 0.000000
50 0.000001
55 0.000003
60 0.000000
65 0.000005
70 0.000001
75 0.000000
80 0.000000
85 0.000001
90 0.000000
95 0.000001
100 0.000000
105 0.000006
110 0.000014
115 0.000000
120 0.000005
125 0.000009
130 0.000009
135 0.000001
140 0.000000
145 0.000000
150 0.000009
155 0.000011
160 0.000001
165 0.000005
170 0.000004
175 0.000008
180 0.000000
185 0.000012
190 0.000005
195 0.000000
200 0.000003
205 0.000003
210 0.000003
215 0.000019
220 0.000008
225 0.000001
230 0.000002
235 0.000001
240 0.000000
245 0.000011
250 0.000003
255 0.000013
260 0.000009
265 0.000004
270 0.000004
275 0.000000
280 0.000001
285 0.000001
290 0.000001
295 0.000002
300 0.000000
305 0.000004
310 0.000008
315 0.000000
320 0.000001
325 0.000000
330 0.000002
335 0.000003
340 0.000012
345 0.000004
350 0.000001
355 0.000012
360 0.000001
365 0.000002
370 0.000014
375 0.000000
380 0.000001
385 0.000010
390 0.000010
395 0.000004
400 0.000000
405 0.000000
410 0.000009
415 0.000006
420 0.000004
425 0.000000
430 0.000004
435 0.000000
440 0.000000
445 0.000001
450 0.000010
455 0.000003
460 0.000004
465 0.000001
470 0.000003
475 0.000011
480 0.000002
485 0.000007
490 0.000001
495 0.000004
500 0.000000
5 0.000001
10 0.000004
15 0.000001
20 0.000000
25 0.000001
30 0.000002
35 0.000012
40 0.000007
45 0.000009
50 0.000008
55 0.000000
60 0.000000
65 0.000001
70 0.000000
75 0.000001
80 0.000005
85 0.000002
90 0.000000
95 0.000001
100 0.000000
105 0.000000
110 0.000007
115 0.000004
120 0.000000
125 0.000003
130 0.000001
135 0.000000
140 0.000000
145 0.000001
150 0.000000
155 0.000001
160 0.000000
165 0.000000
170 0.000002
175 0.000001
180 0.000003
185 0.000007
190 0.000001
195 0.000003
200 0.000006
205 0.000000
210 0.000002
215 0.000001
220 0.000000
225 0.000001
230 0.000000
235 0.000005
240 0.000000
245 0.000002
250 0.000000
255 0.000001
260 0.000001
265 0.000006
270 0.000002
275 0.000000
280 0.000001
285 0.000002
290 0.000001
295 0.000000
300 0.000000
305 0.000005
310 0.000000
315 0.000003
320 0.000001
325 0.000007
330 0.000006
335 0.000002
340 0.000002
345 0.000000
350 0.000002
355 0.000002
360 0.000002
365 0.000000
370 0.000019
375 0.000001
380 0.000005
385 0.000014
390 0.000003
395 0.000001
400 0.000000
405 0.000001
410 0.000008
415 0.000001
420 0.000000
425 0.000007
430 0.000002
435 0.000021
440 0.000008
445 0.000000
450 0.000002
455 0.000022
460 0.000001
465 0.000000
470 0.000000
475 0.000001
480 0.000007
485 0.000001
490 0.000002
495 0.000001
500 0.000000
5 0.000002
10 0.000000
15 0.000004
20 0.000000
25 0.000000
30 0.000000
35 0.000000
40 0.000001
45 0.000001
50 0.000001
55 0.000000
60 0.000000
65 0.000001
70 0.000001
75 0.000001
80 0.000000
85 0.000001
90 0.000002
95 0.000000
100 0.000001
105 0.000000
110 0.000002
115 0.000009
120 0.000000
125 0.000000
130 0.000000
135 0.000001
140 0.000003
145 0.000003
150 0.000001
155 0.000002
160 0.000001
165 0.000001
170 0.000000
175 0.000001
180 0.000008
185 0.000001
190 0.000001
195 0.000000
200 0.000001
205 0.000012
210 0.000001
215 0.000002
220 0.000000
225 0.000002
230 0.000006
235 0.000003
240 0.000000
245 0.000003
250 0.000000
255 0.000003
260 0.000000
265 0.000002
270 0.000015
275 0.000009
280 0.000001
285 0.000002
290 0.000000
295 0.000000
300 0.000006
305 0.000002
310 0.000000
315 0.000005
320 0.000003
325 0.000008
330 0.000001
335 0.000004
340 0.000000
345 0.000004
350 0.000005
355 0.000000
360 0.000001
365 0.000000
370 0.000000
375 0.000008
380 0.000006
385 0.000002
390 0.000003
395 0.000001
400 0.000000
405 0.000006
410 0.000001
415 0.000005
420 0.000009
425 0.000001
430 0.000005
435 0.000009
440 0.000000
445 0.000000
450 0.000004
455 0.000005
460 0.000000
465 0.000000
470 0.000003
475 0.000001
480 0.000000
485 0.000000
490 0.000004
495 0.000007
500 0.000002
5 0.000006
10 0.000000
15 0.000006
20 0.000001
25 0.000005
30 0.000001
35 0.000002
40 0.000009
45 0.000001
50 0.000000
55 0.000000
60 0.000002
65 0.000002
70 0.000003
75 0.000006
80 0.000002
85 0.000000
90 0.000001
95 0.000000
100 0.000000
105 0.000002
110 0.000000
115 0.000001
120 0.000002
125 0.000000
130 0.000002
135 0.000001
140 0.000001
145 0.000009
150 0.000004
155 0.000000
160 0.000000
165 0.000004
170 0.000003
175 0.000005
180 0.000001
185 0.000011
190 0.000000
195 0.000000
200 0.000000
205 0.000001
210 0.000001
215 0.000002
220 0.000000
225 0.000002
230 0.000003
235 0.000001
240 0.000000
245 0.000000
250 0.000005
255 0.000000
260 0.000000
265 0.000000
270 0.000003
275 0.000001
280 0.000000
285 0.000002
290 0.000004
295 0.000006
300 0.000000
305 0.000001
310 0.000002
315 0.000001
320 0.000000
325 0.000003
330 0.000004
335 0.000000
340 0.000003
345 0.000001
350 0.000000
355 0.000010
360 0.000002
365 0.000002
370 0.000001
375 0.000001
380 0.000000
385 0.000000
390 0.000000
395 0.000001
400 0.000001
405 0.000000
410 0.000003
415 0.000000
420 0.000000
425 0.000002
430 0.000004
435 0.000002
440 0.000006
445 0.000008
450 0.000004
455 0.000001
460 0.000000
465 0.000000
470 0.000001
475 0.000000
480 0.000000
485 0.000003
490 0.000003
495 0.000000
500 0.000001
5 0.000001
10 0.000001
15 0.000001
20 0.000000
25 0.000003
30 0.000001
35 0.000000
40 0.000001
45 0.000002
50 0.000000
55 0.000007
60 0.000002
65 0.000001
70 0.000000
75 0.000002
80 0.000004
85 0.000000
90 0.000000
95 0.000000
100 0.000000
105 0.000002
110 0.000000
115 0.000006
120 0.000000
125 0.000001
130 0.000008
135 0.000002
140 0.000000
145 0.000000
150 0.000001
155 0.000002
160 0.000001
165 0.000000
170 0.000000
175 0.000002
180 0.000003
185 0.000000
190 0.000004
195 0.000000
200 0.000003
205 0.000000
210 0.000001
215 0.000003
220 0.000001
225 0.000000
230 0.000005
235 0.000000
240 0.000000
245 0.000005
250 0.000001
255 0.000001
260 0.000013
265 0.000004
270 0.000004
275 0.000002
280 0.000000
285 0.000001
290 0.000000
295 0.000000
300 0.000000
305 0.000000
310 0.000001
315 0.000000
320 0.000000
325 0.000005
330 0.000000
335 0.000000
340 0.000000
345 0.000006
350 0.000001
355 0.000002
360 0.000003
365 0.000000
370 0.000007
375 0.000002
380 0.000001
385 0.000000
390 0.000007
395 0.000006
400 0.000007
405 0.000002
410 0.000001
415 0.000001
420 0.000000
425 0.000002
430 0.000002
435 0.000000
440 0.000000
445 0.000003
450 0.000000
455 0.000001
460 0.000002
465 0.000002
470 0.000002
475 0.000002
480 0.000000
485 0.000001
490 0.000003
495 0.000001
500 0.000001
5 0.000000
10 0.000000
15 0.000000
20 0.000002
25 0.000001
30 0.000002
35 0.000000
40 0.000000
45 0.000000
50 0.000002
55 0.000000
60 0.000004
65 0.000000
70 0.000004
75 0.000007
80 0.000004
85 0.000001
90 0.000001
95 0.000004
100 0.000004
105 0.000008
110 0.000001
115 0.000001
120 0.000000
125 0.000001
130 0.000001
135 0.000000
140 0.000000
145 0.000001
150 0.000000
155 0.000000
160 0.000000
165 0.000000
170 0.000002
175 0.000000
180 0.000002
185 0.000005
190 0.000002
195 0.000000
200 0.000000
205 0.000002
210 0.000005
215 0.000000
220 0.000004
225 0.000001
230 0.000000
235 0.000002
240 0.000001
245 0.000001
250 0.000001
255 0.000001
260 0.000000
265 0.000004
270 0.000000
275 0.000002
280 0.000003
285 0.000000
290 0.000000
295 0.000001
300 0.000001
305 0.000003
310 0.000000
315 0.000001
320 0.000000
325 0.000000
330 0.000000
335 0.000000
340 0.000000
345 0.000000
350 0.000004
355 0.000000
360 0.000005
365 0.000003
370 0.000000
375 0.000000
380 0.000003
385 0.000001
390 0.000007
395 0.000000
400 0.000000
405 0.000000
410 0.000001
415 0.000001
420 0.000000
425 0.000000
430 0.000000
435 0.000004
440 0.000003
445 0.000002
450 0.000000
455 0.000000
460 0.000000
465 0.000001
470 0.000000
475 0.000000
480 0.000002
485 0.000000
490 0.000001
495 0.000000
500 0.000002
5 0.000000
10 0.000000
15 0.000003
20 0.000002
25 0.000000
30 0.000007
35 0.000000
40 0.000000
45 0.000002
50 0.000000
55 0.000002
60 0.000001
65 0.000004
70 0.000000
75 0.000000
80 0.000001
85 0.000001
90 0.000007
95 0.000000
100 0.000001
105 0.000009
110 0.000000
115 0.000003
120 0.000001
125 0.000003
130 0.000001
135 0.000002
140 0.000000
145 0.000000
150 0.000002
155 0.000000
160 0.000000
165 0.000000
170 0.000000
175 0.000000
180 0.000002
185 0.000000
190 0.000003
195 0.000002
200 0.000000
205 0.000000
210 0.000001
215 0.000000
220 0.000001
225 0.000000
230 0.000000
235 0.000000
240 0.000002
245 0.000000
250 0.000001
255 0.000004
260 0.000001
265 0.000001
270 0.000001
275 0.000001
280 0.000001
285 0.000000
290 0.000006
295 0.000001
300 0.000002
305 0.000002
310 0.000000
315 0.000000
320 0.000000
325 0.000000
330 0.000000
335 0.000001
340 0.000002
345 0.000000
350 0.000000
355 0.000000
360 0.000003
365 0.000000
370 0.000000
375 0.000000
380 0.000001
385 0.000000
390 0.000000
395 0.000002
400 0.000007
405 0.000003
410 0.000001
415 0.000000
420 0.000000
425 0.000003
430 0.000001
435 0.000001
440 0.000005
445 0.000002
450 0.000004
455 0.000002
460 0.000006
465 0.000002
470 0.000001
475 0.000000
480 0.000000
485 0.000000
490 0.000001
495 0.000000
500 0.000001
5 0.000001
10 0.000001
15 0.000000
20 0.000001
25 0.000001
30 0.000001
35 0.000003
40 0.000001
45 0.000000
50 0.000001
55 0.000002
60 0.000000
65 0.000001
70 0.000000
75 0.000002
80 0.000001
85 0.000000
90 0.000001
95 0.000003
100 0.000002
105 0.000000
110 0.000000
115 0.000000
120 0.000001
125 0.000000
130 0.000000
135 0.000000
140 0.000000
145 0.000002
150 0.000003
155 0.000000
160 0.000001
165 0.000000
170 0.000001
175 0.000001
180 0.000000
185 0.000001
190 0.000000
195 0.000000
200 0.000000
205 0.000000
210 0.000002
215 0.000002
220 0.000002
225 0.000001
230 0.000000
235 0.000001
240 0.000000
245 0.000000
250 0.000001
255 0.000000
260 0.000000
265 0.000001
270 0.000000
275 0.000001
280 0.000000
285 0.000000
290 0.000000
295 0.000003
300 0.000001
305 0.000000
310 0.000003
315 0.000000
320 0.000001
325 0.000003
330 0.000001
335 0.000002
340 0.000000
345 0.000001
350 0.000001
355 0.000000
360 0.000001
365 0.000000
370 0.000000
375 0.000000
380 0.000000
385 0.000004
390 0.000001
395 0.000000
400 0.000000
405 0.000002
410 0.000001
415 0.000001
420 0.000000
425 0.000000
430 0.000000
435 0.000000
440 0.000003
445 0.000000
450 0.000001
455 0.000002
460 0.000000
465 0.000002
470 0.000003
475 0.000000
480 0.000001
485 0.000000
490 0.000000
495 0.000000
500 0.000000
