5 1.997314
10 1.773166
15 1.395944
20 1.216888
25 1.080177
30 0.895415
35 0.808100
40 0.860380
45 0.758180
50 0.689096
55 0.533506
60 0.582518
65 0.642767
70 0.613562
75 0.540547
80 0.572812
85 0.620330
90 0.460059
95 0.582714
100 0.331311
105 0.371901
110 0.371339
115 0.317786
120 0.401337
125 0.462558
130 0.496325
135 0.318676
140 0.545385
145 0.343121
150 0.351930
155 0.335893
160 0.435308
165 0.323071
170 0.411648
175 0.424232
180 0.270107
185 0.377696
190 0.220873
195 0.251998
200 0.303688
205 0.247633
210 0.536495
215 0.251212
220 0.299660
225 0.384484
230 0.168406
235 0.299120
240 0.364241
245 0.281051
250 0.331189
255 0.227957
260 0.302637
265 0.330900
270 0.187352
275 0.318841
280 0.218345
285 0.245083
290 0.244670
295 0.219246
300 0.430344
305 0.271888
310 0.293590
315 0.305639
320 0.269413
325 0.433278
330 0.185653
335 0.280141
340 0.126831
345 0.336272
350 0.269595
355 0.353702
360 0.252930
365 0.275535
370 0.188603
375 0.590507
380 0.284437
385 0.172870
390 0.178030
395 0.327855
400 0.271029
405 0.240626
410 0.236394
415 0.334131
420 0.250039
425 0.363787
430 0.340474
435 0.135297
440 0.299964
445 0.277442
450 0.269494
455 0.312111
460 0.265975
465 0.290438
470 0.149903
475 0.284978
480 0.407206
485 0.105850
490 0.411355
495 0.306089
500 0.239588
5 0.198613
10 0.408439
15 0.283045
20 0.195324
25 0.215299
30 0.217261
35 0.247554
40 0.163394
45 0.231093
50 0.140654
55 0.157312
60 0.275478
65 0.279781
70 0.250673
75 0.197537
80 0.204045
85 0.246761
90 0.279011
95 0.100710
100 0.204102
105 0.102274
110 0.266298
115 0.229160
120 0.169046
125 0.199289
130 0.155201
135 0.187513
140 0.154627
145 0.251700
150 0.173278
155 0.206536
160 0.221275
165 0.273623
170 0.264434
175 0.199898
180 0.223941
185 0.283684
190 0.201917
195 0.167157
200 0.120991
205 0.176002
210 0.211173
215 0.414402
220 0.215419
225 0.140207
230 0.268178
235 0.179901
240 0.173063
245 0.176080
250 0.218652
255 0.210461
260 0.146822
265 0.207031
270 0.181737
275 0.139572
280 0.141852
285 0.111143
290 0.189248
295 0.141432
300 0.202828
305 0.148243
310 0.083454
315 0.348448
320 0.202582
325 0.123191
330 0.170163
335 0.180752
340 0.173763
345 0.168961
350 0.251506
355 0.100282
360 0.243672
365 0.173493
370 0.153920
375 0.140363
380 0.131397
385 0.111250
390 0.110673
395 0.213694
400 0.139397
405 0.313319
410 0.151455
415 0.148265
420 0.137675
425 0.186946
430 0.184986
435 0.165537
440 0.151694
445 0.185431
450 0.264250
455 0.135711
460 0.131108
465 0.102259
470 0.274557
475 0.174760
480 0.309344
485 0.153027
490 0.154635
495 0.188662
500 0.070917
5 0.076399
10 0.102675
15 0.067619
20 0.129093
25 0.111474
30 0.213085
35 0.188003
40 0.065277
45 0.169056
50 0.126379
55 0.169496
60 0.130701
65 0.160660
70 0.092599
75 0.108732
80 0.128069
85 0.142075
90 0.160295
95 0.092776
100 0.076997
105 0.121639
110 0.182736
115 0.235897
120 0.094125
125 0.125300
130 0.113013
135 0.144273
140 0.095630
145 0.191876
150 0.174040
155 0.163732
160 0.096697
165 0.167733
170 0.162661
175 0.150929
180 0.075294
185 0.175588
190 0.104120
195 0.155502
200 0.109458
205 0.149262
210 0.161514
215 0.134520
220 0.091507
225 0.144094
230 0.110068
235 0.072277
240 0.121454
245 0.108488
250 0.317543
255 0.107564
260 0.066719
265 0.094233
270 0.125186
275 0.057053
280 0.208353
285 0.118320
290 0.088295
295 0.151617
300 0.147441
305 0.100727
310 0.125901
315 0.146275
320 0.086484
325 0.184903
330 0.169117
335 0.136525
340 0.076734
345 0.106161
350 0.156233
355 0.131929
360 0.171608
365 0.158815
370 0.078035
375 0.146751
380 0.116122
385 0.090646
390 0.159431
395 0.205815
400 0.132088
405 0.072157
410 0.057537
415 0.194946
420 0.164757
425 0.155402
430 0.136590
435 0.088066
440 0.085744
445 0.108599
450 0.044657
455 0.046419
460 0.053293
465 0.125287
470 0.079907
475 0.052364
480 0.071954
485 0.066672
490 0.109895
495 0.102899
500 0.072925
5 0.094008
10 0.098522
15 0.050170
20 0.095812
25 0.103940
30 0.148744
35 0.155634
40 0.148174
45 0.126358
50 0.073506
55 0.078221
60 0.090613
65 0.147466
70 0.080900
75 0.068316
80 0.127296
85 0.120745
90 0.248235
95 0.086905
100 0.127913
105 0.119280
110 0.080869
115 0.200713
120 0.088673
125 0.146895
130 0.102268
135 0.068882
140 0.120613
145 0.089998
150 0.088679
155 0.131339
160 0.087495
165 0.092111
170 0.061547
175 0.081543
180 0.057749
185 0.070444
190 0.124702
195 0.203400
200 0.226753
205 0.109893
210 0.149550
215 0.067643
220 0.178756
225 0.124540
230 0.109653
235 0.099362
240 0.160337
245 0.066027
250 0.035053
255 0.081195
260 0.080157
265 0.133948
270 0.114108
275 0.232165
280 0.095891
285 0.076312
290 0.072092
295 0.104060
300 0.074388
305 0.103863
310 0.123275
315 0.075059
320 0.100675
325 0.056000
330 0.114733
335 0.116529
340 0.126307
345 0.090889
350 0.127636
355 0.071091
360 0.104366
365 0.106695
370 0.107647
375 0.099825
380 0.055389
385 0.101002
390 0.095383
395 0.175507
400 0.066668
405 0.196129
410 0.143591
415 0.080263
420 0.097210
425 0.111204
430 0.076703
435 0.069530
440 0.123205
445 0.096845
450 0.116250
455 0.067887
460 0.178484
465 0.070664
470 0.085572
475 0.038182
480 0.114082
485 0.055658
490 0.099768
495 0.144991
500 0.149854
5 0.106104
10 0.062863
15 0.088873
20 0.139380
25 0.108528
30 0.166640
35 0.144494
40 0.068606
45 0.076749
50 0.060332
55 0.153130
60 0.043256
65 0.059543
70 0.196653
75 0.072589
80 0.074597
85 0.044754
90 0.057320
95 0.027599
100 0.083008
105 0.047024
110 0.047776
115 0.074584
120 0.030573
125 0.094990
130 0.117691
135 0.047944
140 0.062109
145 0.126930
150 0.143160
155 0.097894
160 0.060780
165 0.079339
170 0.115878
175 0.034497
180 0.119131
185 0.054761
190 0.065325
195 0.168977
200 0.067579
205 0.065145
210 0.124113
215 0.045763
220 0.065942
225 0.058231
230 0.111185
235 0.137064
240 0.061631
245 0.057156
250 0.072602
255 0.120439
260 0.096679
265 0.081146
270 0.032014
275 0.071575
280 0.068141
285 0.050224
290 0.089744
295 0.061072
300 0.212291
305 0.061716
310 0.045378
315 0.173011
320 0.067583
325 0.070144
330 0.103430
335 0.030553
340 0.029223
345 0.068180
350 0.097267
355 0.141013
360 0.039657
365 0.041020
370 0.086461
375 0.082735
380 0.044429
385 0.071176
390 0.096643
395 0.210210
400 0.094825
405 0.064151
410 0.047495
415 0.076818
420 0.050667
425 0.094939
430 0.079286
435 0.103836
440 0.035317
445 0.061567
450 0.027935
455 0.091258
460 0.086417
465 0.039501
470 0.110056
475 0.084895
480 0.093624
485 0.142102
490 0.054091
495 0.073326
500 0.125594
5 0.052092
10 0.066678
15 0.144388
20 0.025452
25 0.064259
30 0.033178
35 0.064617
40 0.096131
45 0.048011
50 0.090554
55 0.068450
60 0.110193
65 0.040439
70 0.091107
75 0.146068
80 0.089386
85 0.057742
90 0.045176
95 0.042038
100 0.028742
105 0.078332
110 0.030027
115 0.050188
120 0.044240
125 0.090120
130 0.087820
135 0.041278
140 0.064162
145 0.053817
150 0.026444
155 0.030691
160 0.085055
165 0.020896
170 0.030308
175 0.077464
180 0.100011
185 0.096693
190 0.061187
195 0.061682
200 0.026783
205 0.064467
210 0.056698
215 0.024893
220 0.023140
225 0.059799
230 0.051664
235 0.030031
240 0.083397
245 0.059693
250 0.053630
255 0.053449
260 0.035546
265 0.079808
270 0.078022
275 0.028105
280 0.067178
285 0.061637
290 0.083103
295 0.036977
300 0.064152
305 0.086981
310 0.054979
315 0.049084
320 0.032050
325 0.027383
330 0.064111
335 0.036764
340 0.048023
345 0.052307
350 0.056807
355 0.068297
360 0.106728
365 0.047214
370 0.104104
375 0.050406
380 0.025197
385 0.051479
390 0.105771
395 0.046249
400 0.035980
405 0.027867
410 0.148801
415 0.094601
420 0.089253
425 0.087716
430 0.090908
435 0.027959
440 0.086277
445 0.147579
450 0.102767
455 0.035046
460 0.032377
465 0.083880
470 0.044868
475 0.069085
480 0.063611
485 0.050818
490 0.014611
495 0.040051
500 0.019986
5 0.039565
10 0.049845
15 0.025846
20 0.120123
25 0.041661
30 0.035620
35 0.051239
40 0.044936
45 0.050052
50 0.082474
55 0.040562
60 0.037978
65 0.041249
70 0.024930
75 0.027513
80 0.026868
85 0.070302
90 0.052476
95 0.067036
100 0.039960
105 0.033758
110 0.061503
115 0.026626
120 0.057381
125 0.111978
130 0.027254
135 0.028291
140 0.123791
145 0.064109
150 0.028191
155 0.066799
160 0.030454
165 0.030480
170 0.101357
175 0.048165
180 0.025108
185 0.044406
190 0.035086
195 0.130573
200 0.036220
205 0.058224
210 0.110317
215 0.042973
220 0.046709
225 0.034860
230 0.081909
235 0.032646
240 0.023917
245 0.076125
250 0.032214
255 0.026089
260 0.075171
265 0.065918
270 0.146077
275 0.054102
280 0.045705
285 0.034431
290 0.014824
295 0.062256
300 0.031565
305 0.038486
310 0.079780
315 0.087066
320 0.057165
325 0.057606
330 0.095509
335 0.055316
340 0.026847
345 0.076082
350 0.078515
355 0.085939
360 0.059020
365 0.185432
370 0.023308
375 0.038871
380 0.035634
385 0.062172
390 0.014832
395 0.035144
400 0.078282
405 0.028466
410 0.050106
415 0.076550
420 0.054089
425 0.053346
430 0.045359
435 0.081825
440 0.044664
445 0.081703
450 0.031594
455 0.035758
460 0.011821
465 0.182684
470 0.074315
475 0.073587
480 0.036047
485 0.028154
490 0.042065
495 0.016328
500 0.033421
5 0.048589
10 0.021001
15 0.017707
20 0.024953
25 0.023013
30 0.021346
35 0.021573
40 0.042013
45 0.049842
50 0.026678
55 0.021325
60 0.038062
65 0.019921
70 0.028505
75 0.068870
80 0.050338
85 0.069361
90 0.029323
95 0.042764
100 0.038647
105 0.053149
110 0.025774
115 0.034339
120 0.046700
125 0.055772
130 0.021359
135 0.105489
140 0.032176
145 0.025682
150 0.052847
155 0.046509
160 0.037747
165 0.022927
170 0.038084
175 0.033319
180 0.037471
185 0.063941
190 0.044013
195 0.016866
200 0.070886
205 0.015624
210 0.066317
215 0.041018
220 0.059726
225 0.040145
230 0.038300
235 0.026711
240 0.026794
245 0.022099
250 0.025151
255 0.048848
260 0.031936
265 0.076674
270 0.023387
275 0.031802
280 0.014630
285 0.040132
290 0.053003
295 0.026685
300 0.030230
305 0.073622
310 0.018357
315 0.043171
320 0.019703
325 0.030580
330 0.041769
335 0.041703
340 0.054117
345 0.023960
350 0.014752
355 0.039735
360 0.088008
365 0.075294
370 0.026711
375 0.012282
380 0.014567
385 0.049416
390 0.023232
395 0.030598
400 0.036701
405 0.082154
410 0.021320
415 0.040041
420 0.037088
425 0.100730
430 0.051783
435 0.015936
440 0.048336
445 0.040098
450 0.086210
455 0.026577
460 0.066849
465 0.032372
470 0.024802
475 0.061869
480 0.054334
485 0.106479
490 0.029921
495 0.079293
500 0.054072
5 0.043620
10 0.017276
15 0.042261
20 0.024544
25 0.055876
30 0.022008
35 0.031627
40 0.029980
45 0.019849
50 0.031792
55 0.027898
60 0.028173
65 0.031922
70 0.033326
75 0.063058
80 0.016174
85 0.035825
90 0.011714
95 0.023278
100 0.033827
105 0.029755
110 0.038719
115 0.103801
120 0.028930
125 0.023857
130 0.006092
135 0.039422
140 0.026563
145 0.029004
150 0.030111
155 0.038238
160 0.013966
165 0.051185
170 0.029850
175 0.030305
180 0.010112
185 0.023856
190 0.029917
195 0.046790
200 0.039399
205 0.019693
210 0.020195
215 0.044758
220 0.008832
225 0.085947
230 0.020062
235 0.041517
240 0.041764
245 0.038315
250 0.034654
255 0.031655
260 0.052938
265 0.023306
270 0.053708
275 0.092671
280 0.050529
285 0.012767
290 0.048362
295 0.022307
300 0.036258
305 0.025056
310 0.017485
315 0.023160
320 0.047671
325 0.062941
330 0.090223
335 0.015915
340 0.122009
345 0.023624
350 0.033340
355 0.024414
360 0.030213
365 0.051600
370 0.051430
375 0.044340
380 0.024588
385 0.028267
390 0.034236
395 0.132815
400 0.028464
405 0.101162
410 0.035352
415 0.056123
420 0.053228
425 0.040388
430 0.045969
435 0.024146
440 0.042632
445 0.009058
450 0.141622
455 0.027426
460 0.055939
465 0.029599
470 0.026254
475 0.009901
480 0.043694
485 0.014845
490 0.054864
495 0.011956
500 0.047483
5 0.015304
10 0.017444
15 0.036825
20 0.010760
25 0.027503
30 0.017037
35 0.013017
40 0.064764
45 0.020545
50 0.041904
55 0.017225
60 0.038893
65 0.037411
70 0.019368
75 0.031373
80 0.038722
85 0.035814
90 0.034824
95 0.005205
100 0.028675
105 0.023304
110 0.113530
115 0.016750
120 0.066779
125 0.032056
130 0.108520
135 0.014010
140 0.037113
145 0.006907
150 0.014886
155 0.015093
160 0.014205
165 0.040500
170 0.039007
175 0.011703
180 0.017425
185 0.018475
190 0.042126
195 0.013702
200 0.024050
205 0.034218
210 0.018746
215 0.029926
220 0.025577
225 0.035876
230 0.027174
235 0.035893
240 0.057115
245 0.024099
250 0.029622
255 0.020385
260 0.033798
265 0.013315
270 0.029383
275 0.007844
280 0.048186
285 0.048516
290 0.052276
295 0.033787
300 0.036891
305 0.023418
310 0.018918
315 0.066638
320 0.022448
325 0.037522
330 0.032081
335 0.040615
340 0.009591
345 0.014949
350 0.037803
355 0.011863
360 0.007280
365 0.023239
370 0.018803
375 0.041273
380 0.025340
385 0.024116
390 0.034641
395 0.039552
400 0.049199
405 0.030648
410 0.023409
415 0.038073
420 0.023116
425 0.026455
430 0.058431
435 0.051033
440 0.053171
445 0.044851
450 0.045158
455 0.043150
460 0.015936
465 0.031809
470 0.012193
475 0.021619
480 0.040395
485 0.024017
490 0.007818
495 0.085155
500 0.036700
5 0.018983
10 0.017430
15 0.011390
20 0.007599
25 0.015327
30 0.017869
35 0.021962
40 0.014071
45 0.040223
50 0.013968
55 0.040185
60 0.042054
65 0.051352
70 0.015164
75 0.025785
80 0.030241
85 0.016859
90 0.027922
95 0.036527
100 0.017372
105 0.011857
110 0.011256
115 0.016572
120 0.042100
125 0.013544
130 0.014192
135 0.031886
140 0.016353
145 0.021828
150 0.022078
155 0.037109
160 0.010078
165 0.035017
170 0.012064
175 0.013410
180 0.009991
185 0.047195
190 0.075080
195 0.021706
200 0.007186
205 0.012593
210 0.062563
215 0.011735
220 0.022061
225 0.041880
230 0.017823
235 0.037503
240 0.009378
245 0.009078
250 0.012731
255 0.043072
260 0.030335
265 0.068532
270 0.010791
275 0.051218
280 0.023210
285 0.025905
290 0.016036
295 0.019458
300 0.024776
305 0.019626
310 0.044445
315 0.062592
320 0.024397
325 0.011544
330 0.009613
335 0.017641
340 0.024691
345 0.036119
350 0.065777
355 0.018038
360 0.035385
365 0.044420
370 0.041338
375 0.007923
380 0.028696
385 0.032530
390 0.067420
395 0.015525
400 0.010922
405 0.026056
410 0.044357
415 0.027288
420 0.019493
425 0.004656
430 0.014284
435 0.035381
440 0.082664
445 0.111947
450 0.030994
455 0.015597
460 0.023916
465 0.016023
470 0.024779
475 0.021047
480 0.041696
485 0.026733
490 0.025973
495 0.047197
500 0.035885
5 0.014066
10 0.060789
15 0.008668
20 0.036578
25 0.019178
30 0.016709
35 0.025775
40 0.016619
45 0.015173
50 0.044479
55 0.015193
60 0.018881
65 0.029332
70 0.009959
75 0.011825
80 0.016780
85 0.021419
90 0.019095
95 0.029300
100 0.009315
105 0.013822
110 0.015174
115 0.045045
120 0.014667
125 0.034155
130 0.006626
135 0.057513
140 0.038433
145 0.009661
150 0.034710
155 0.026745
160 0.030549
165 0.008910
170 0.024728
175 0.032060
180 0.025360
185 0.012907
190 0.008856
195 0.019141
200 0.013127
205 0.011515
210 0.012447
215 0.024268
220 0.010184
225 0.011689
230 0.030727
235 0.019248
240 0.043413
245 0.035048
250 0.039307
255 0.026983
260 0.023366
265 0.025779
270 0.037787
275 0.016634
280 0.069168
285 0.037328
290 0.037573
295 0.011079
300 0.021888
305 0.012566
310 0.059385
315 0.085781
320 0.016603
325 0.040169
330 0.040711
335 0.028607
340 0.019807
345 0.027441
350 0.049987
355 0.023503
360 0.010978
365 0.028052
370 0.031839
375 0.010406
380 0.026704
385 0.022568
390 0.019496
395 0.006815
400 0.025369
405 0.046961
410 0.031699
415 0.014655
420 0.039250
425 0.014308
430 0.013196
435 0.013290
440 0.024292
445 0.026012
450 0.015778
455 0.032338
460 0.039229
465 0.032184
470 0.015358
475 0.008166
480 0.047807
485 0.031247
490 0.008282
495 0.087887
500 0.013784
5 0.014976
10 0.036585
15 0.005708
20 0.018599
25 0.064236
30 0.010803
35 0.012561
40 0.017548
45 0.015450
50 0.046842
55 0.010726
60 0.075762
65 0.009667
70 0.023571
75 0.016393
80 0.012561
85 0.033292
90 0.028428
95 0.047655
100 0.018545
105 0.010564
110 0.027727
115 0.020710
120 0.022681
125 0.019188
130 0.016645
135 0.015960
140 0.017583
145 0.011346
150 0.012435
155 0.016163
160 0.005115
165 0.026332
170 0.020836
175 0.023733
180 0.006358
185 0.016274
190 0.033881
195 0.006838
200 0.011208
205 0.016268
210 0.015047
215 0.010862
220 0.006228
225 0.017155
230 0.025436
235 0.004538
240 0.027243
245 0.011952
250 0.009786
255 0.018966
260 0.019104
265 0.028525
270 0.012374
275 0.017772
280 0.014482
285 0.021937
290 0.064120
295 0.022492
300 0.016598
305 0.022106
310 0.025446
315 0.004939
320 0.009947
325 0.017343
330 0.022241
335 0.023917
340 0.011480
345 0.007125
350 0.023758
355 0.005240
360 0.016067
365 0.028457
370 0.031319
375 0.053770
380 0.009843
385 0.014221
390 0.032109
395 0.051517
400 0.025093
405 0.016399
410 0.038262
415 0.012708
420 0.008291
425 0.026275
430 0.039870
435 0.008641
440 0.030311
445 0.014018
450 0.015233
455 0.021901
460 0.027952
465 0.013822
470 0.015561
475 0.030128
480 0.018889
485 0.005643
490 0.021792
495 0.040011
500 0.019816
5 0.020317
10 0.012696
15 0.008031
20 0.012385
25 0.009224
30 0.006908
35 0.005657
40 0.007015
45 0.023872
50 0.010382
55 0.029914
60 0.009552
65 0.036974
70 0.010250
75 0.021851
80 0.003711
85 0.014874
90 0.015122
95 0.013006
100 0.013775
105 0.019254
110 0.010650
115 0.009398
120 0.015342
125 0.011874
130 0.026988
135 0.028314
140 0.033618
145 0.006779
150 0.006344
155 0.023277
160 0.016942
165 0.014587
170 0.005014
175 0.009163
180 0.026616
185 0.024387
190 0.007369
195 0.014192
200 0.004936
205 0.005499
210 0.045664
215 0.005715
220 0.008409
225 0.023495
230 0.019615
235 0.008454
240 0.007696
245 0.003179
250 0.093614
255 0.006302
260 0.015190
265 0.037846
270 0.038867
275 0.024742
280 0.009215
285 0.016906
290 0.018667
295 0.023882
300 0.016432
305 0.022392
310 0.035070
315 0.006919
320 0.002899
325 0.009379
330 0.002404
335 0.052861
340 0.015337
345 0.010038
350 0.013272
355 0.006478
360 0.011819
365 0.004946
370 0.014131
375 0.010531
380 0.007448
385 0.007478
390 0.012012
395 0.005909
400 0.007243
405 0.019926
410 0.022821
415 0.024774
420 0.008753
425 0.013952
430 0.003874
435 0.013397
440 0.011190
445 0.029081
450 0.042271
455 0.014672
460 0.013765
465 0.037718
470 0.044294
475 0.015311
480 0.019612
485 0.019790
490 0.017735
495 0.011760
500 0.010885
5 0.022706
10 0.002252
15 0.019220
20 0.011896
25 0.010689
30 0.029298
35 0.009345
40 0.008257
45 0.013950
50 0.008186
55 0.012725
60 0.028003
65 0.004312
70 0.010387
75 0.013862
80 0.004973
85 0.008884
90 0.038359
95 0.015342
100 0.012411
105 0.005868
110 0.042361
115 0.003882
120 0.036011
125 0.008042
130 0.022664
135 0.010321
140 0.016587
145 0.009058
150 0.008483
155 0.023818
160 0.030604
165 0.009467
170 0.008837
175 0.036679
180 0.005619
185 0.010836
190 0.003877
195 0.004966
200 0.011291
205 0.006720
210 0.003639
215 0.009255
220 0.008811
225 0.036057
230 0.041539
235 0.003847
240 0.003447
245 0.021594
250 0.009242
255 0.013494
260 0.011297
265 0.008291
270 0.004090
275 0.010970
280 0.018334
285 0.027124
290 0.020353
295 0.007152
300 0.007391
305 0.008315
310 0.008420
315 0.006506
320 0.022293
325 0.033778
330 0.048219
335 0.015609
340 0.018170
345 0.010634
350 0.016056
355 0.021180
360 0.006931
365 0.046956
370 0.008264
375 0.006416
380 0.025573
385 0.004637
390 0.010461
395 0.015469
400 0.018201
405 0.009200
410 0.018842
415 0.021829
420 0.008238
425 0.019268
430 0.008450
435 0.013506
440 0.006076
445 0.040438
450 0.006264
455 0.036612
460 0.016758
465 0.014323
470 0.008678
475 0.026745
480 0.004828
485 0.058040
490 0.062636
495 0.012870
500 0.003795
5 0.009358
10 0.007690
15 0.013203
20 0.002042
25 0.006201
30 0.011067
35 0.013676
40 0.010450
45 0.015053
50 0.013820
55 0.019294
60 0.004238
65 0.022522
70 0.003493
75 0.011065
80 0.004221
85 0.022088
90 0.010403
95 0.005189
100 0.004448
105 0.015303
110 0.045246
115 0.004720
120 0.011827
125 0.009574
130 0.006237
135 0.015367
140 0.004258
145 0.011966
150 0.008550
155 0.012148
160 0.009932
165 0.009435
170 0.011702
175 0.013552
180 0.005530
185 0.003835
190 0.036072
195 0.026051
200 0.034001
205 0.004670
210 0.008175
215 0.005342
220 0.035791
225 0.026214
230 0.025844
235 0.025264
240 0.008335
245 0.042941
250 0.014829
255 0.010100
260 0.017780
265 0.012239
270 0.004825
275 0.019784
280 0.004940
285 0.009353
290 0.003904
295 0.011608
300 0.018890
305 0.018535
310 0.008761
315 0.008336
320 0.036311
325 0.006632
330 0.002548
335 0.017844
340 0.018647
345 0.018713
350 0.006039
355 0.014634
360 0.011691
365 0.017837
370 0.020356
375 0.047263
380 0.023363
385 0.005086
390 0.011498
395 0.011495
400 0.055229
405 0.016919
410 0.021233
415 0.001555
420 0.016862
425 0.023928
430 0.031660
435 0.014915
440 0.030179
445 0.015315
450 0.017886
455 0.005295
460 0.009485
465 0.013937
470 0.007464
475 0.004117
480 0.044696
485 0.043165
490 0.007725
495 0.009233
500 0.010475
5 0.003686
10 0.016020
15 0.002981
20 0.005691
25 0.009842
30 0.005494
35 0.014786
40 0.002868
45 0.014435
50 0.012356
55 0.012425
60 0.006967
65 0.016079
70 0.013982
75 0.028343
80 0.008926
85 0.005758
90 0.004499
95 0.004580
100 0.002080
105 0.007603
110 0.013276
115 0.021224
120 0.020099
125 0.010072
130 0.013658
135 0.013291
140 0.005438
145 0.006602
150 0.005481
155 0.009398
160 0.011173
165 0.018067
170 0.012429
175 0.004481
180 0.003862
185 0.006286
190 0.017917
195 0.013224
200 0.012972
205 0.003321
210 0.002609
215 0.023329
220 0.008251
225 0.024397
230 0.005982
235 0.032685
240 0.014716
245 0.014612
250 0.005277
255 0.005315
260 0.008777
265 0.002377
270 0.017068
275 0.004958
280 0.014752
285 0.030019
290 0.009298
295 0.008594
300 0.010474
305 0.015291
310 0.004434
315 0.003257
320 0.008665
325 0.001953
330 0.011303
335 0.021682
340 0.003101
345 0.011468
350 0.056468
355 0.013387
360 0.005285
365 0.022579
370 0.009585
375 0.008368
380 0.023434
385 0.012099
390 0.004317
395 0.011531
400 0.010900
405 0.006572
410 0.015943
415 0.018525
420 0.009914
425 0.026519
430 0.028004
435 0.007601
440 0.038360
445 0.040806
450 0.013485
455 0.003691
460 0.013792
465 0.009606
470 0.005062
475 0.013259
480 0.030397
485 0.009184
490 0.007013
495 0.008190
500 0.005215
5 0.007864
10 0.021745
15 0.038294
20 0.011731
25 0.004071
30 0.010820
35 0.019025
40 0.017400
45 0.013187
50 0.010389
55 0.009345
60 0.008609
65 0.024181
70 0.004393
75 0.028115
80 0.014612
85 0.005968
90 0.001149
95 0.019068
100 0.011669
105 0.009633
110 0.016318
115 0.002411
120 0.005030
125 0.008679
130 0.005090
135 0.007451
140 0.005333
145 0.016549
150 0.019196
155 0.008575
160 0.003726
165 0.007722
170 0.008131
175 0.010321
180 0.016055
185 0.007900
190 0.004314
195 0.018368
200 0.004476
205 0.009032
210 0.001772
215 0.006128
220 0.005554
225 0.007083
230 0.001105
235 0.009151
240 0.021098
245 0.018819
250 0.003123
255 0.003291
260 0.003411
265 0.013363
270 0.011693
275 0.014182
280 0.004519
285 0.002560
290 0.026065
295 0.007875
300 0.008171
305 0.016239
310 0.008533
315 0.011767
320 0.001980
325 0.002307
330 0.013083
335 0.005295
340 0.010788
345 0.019598
350 0.008974
355 0.004327
360 0.018886
365 0.015742
370 0.005213
375 0.003899
380 0.014154
385 0.011371
390 0.015124
395 0.013576
400 0.012673
405 0.010939
410 0.005532
415 0.005803
420 0.005546
425 0.004751
430 0.007394
435 0.008118
440 0.024196
445 0.005965
450 0.008540
455 0.009410
460 0.020113
465 0.017603
470 0.014058
475 0.005966
480 0.012948
485 0.001570
490 0.025809
495 0.016722
500 0.011116
5 0.001291
10 0.005313
15 0.013203
20 0.026245
25 0.001937
30 0.016608
35 0.005862
40 0.007770
45 0.008366
50 0.007737
55 0.028662
60 0.003510
65 0.005712
70 0.008487
75 0.003387
80 0.004810
85 0.008721
90 0.005856
95 0.009066
100 0.007243
105 0.003512
110 0.006755
115 0.009742
120 0.011757
125 0.004718
130 0.006612
135 0.003935
140 0.002449
145 0.009625
150 0.059773
155 0.007232
160 0.004503
165 0.010389
170 0.014708
175 0.003274
180 0.046519
185 0.004007
190 0.006794
195 0.001921
200 0.010486
205 0.013723
210 0.010177
215 0.005544
220 0.022793
225 0.000561
230 0.000764
235 0.005946
240 0.011966
245 0.005311
250 0.007752
255 0.013391
260 0.011146
265 0.017283
270 0.009092
275 0.020318
280 0.008089
285 0.010401
290 0.007203
295 0.009362
300 0.038474
305 0.009809
310 0.018251
315 0.002626
320 0.003576
325 0.002361
330 0.002108
335 0.004938
340 0.024969
345 0.011489
350 0.000722
355 0.012429
360 0.023595
365 0.015053
370 0.004840
375 0.006006
380 0.005735
385 0.021234
390 0.019069
395 0.011632
400 0.017608
405 0.005927
410 0.003338
415 0.011904
420 0.029457
425 0.005606
430 0.014495
435 0.008515
440 0.021628
445 0.007792
450 0.004327
455 0.028776
460 0.003117
465 0.022868
470 0.022173
475 0.008301
480 0.020066
485 0.009848
490 0.030938
495 0.017907
500 0.027838
5 0.035141
10 0.007248
15 0.008742
20 0.007338
25 0.062340
30 0.006600
35 0.008783
40 0.010930
45 0.012125
50 0.023658
55 0.003047
60 0.005636
65 0.019845
70 0.014326
75 0.015847
80 0.002819
85 0.007225
90 0.013066
95 0.010626
100 0.010078
105 0.006170
110 0.058700
115 0.004688
120 0.004152
125 0.002668
130 0.003048
135 0.006984
140 0.002886
145 0.019294
150 0.017868
155 0.024178
160 0.014951
165 0.016980
170 0.010856
175 0.009854
180 0.015208
185 0.016044
190 0.002786
195 0.001316
200 0.010324
205 0.005082
210 0.010970
215 0.014341
220 0.001608
225 0.022800
230 0.011432
235 0.002471
240 0.011657
245 0.013719
250 0.041616
255 0.014853
260 0.004008
265 0.032328
270 0.036456
275 0.015808
280 0.020099
285 0.030376
290 0.033394
295 0.011395
300 0.009241
305 0.014285
310 0.019125
315 0.013872
320 0.016409
325 0.017644
330 0.004095
335 0.004883
340 0.004491
345 0.002765
350 0.008038
355 0.002168
360 0.026191
365 0.043049
370 0.022114
375 0.007681
380 0.010840
385 0.005882
390 0.011077
395 0.011147
400 0.001731
405 0.014093
410 0.003423
415 0.004737
420 0.004590
425 0.017561
430 0.006805
435 0.007804
440 0.003038
445 0.024698
450 0.003278
455 0.007628
460 0.011129
465 0.004065
470 0.006833
475 0.010617
480 0.017800
485 0.016919
490 0.008883
495 0.002668
500 0.005482
5 0.003762
10 0.003000
15 0.005202
20 0.010036
25 0.001817
30 0.002898
35 0.005730
40 0.019625
45 0.011467
50 0.009467
55 0.001639
60 0.003379
65 0.059691
70 0.002418
75 0.005393
80 0.005845
85 0.023807
90 0.015776
95 0.003544
100 0.004367
105 0.003631
110 0.006425
115 0.003625
120 0.031599
125 0.019776
130 0.001523
135 0.003103
140 0.009312
145 0.007219
150 0.004858
155 0.005240
160 0.007297
165 0.012244
170 0.006762
175 0.005559
180 0.002656
185 0.009333
190 0.038600
195 0.008206
200 0.005007
205 0.007826
210 0.008015
215 0.003565
220 0.006062
225 0.013926
230 0.006278
235 0.006665
240 0.007880
245 0.011997
250 0.006917
255 0.004020
260 0.003749
265 0.002535
270 0.008156
275 0.011139
280 0.007634
285 0.021160
290 0.003980
295 0.018824
300 0.010275
305 0.014008
310 0.015508
315 0.003352
320 0.010939
325 0.007725
330 0.003567
335 0.007754
340 0.028222
345 0.005629
350 0.008107
355 0.008882
360 0.000832
365 0.006582
370 0.002679
375 0.011553
380 0.025082
385 0.012634
390 0.008466
395 0.005717
400 0.051155
405 0.004317
410 0.001414
415 0.013805
420 0.013126
425 0.003302
430 0.014747
435 0.007044
440 0.005571
445 0.010505
450 0.017587
455 0.018069
460 0.004212
465 0.015130
470 0.019635
475 0.023785
480 0.004096
485 0.006563
490 0.002597
495 0.003248
500 0.003115
5 0.012288
10 0.004819
15 0.001352
20 0.001747
25 0.002922
30 0.002006
35 0.006032
40 0.012067
45 0.015106
50 0.001369
55 0.003312
60 0.003131
65 0.001780
70 0.005813
75 0.005886
80 0.007241
85 0.013505
90 0.014795
95 0.013024
100 0.005532
105 0.001920
110 0.001251
115 0.004856
120 0.002473
125 0.003726
130 0.002969
135 0.003857
140 0.007930
145 0.007442
150 0.003268
155 0.007198
160 0.001020
165 0.014236
170 0.007372
175 0.008716
180 0.012678
185 0.005906
190 0.008835
195 0.025395
200 0.006654
205 0.004767
210 0.009149
215 0.006183
220 0.002621
225 0.001290
230 0.029057
235 0.003950
240 0.008207
245 0.002856
250 0.011747
255 0.002160
260 0.007517
265 0.008515
270 0.003893
275 0.001762
280 0.008949
285 0.001832
290 0.002785
295 0.003029
300 0.001943
305 0.010267
310 0.004334
315 0.013753
320 0.017628
325 0.019529
330 0.001948
335 0.011049
340 0.006757
345 0.006129
350 0.009218
355 0.003969
360 0.009625
365 0.016915
370 0.057329
375 0.015310
380 0.005238
385 0.001177
390 0.009534
395 0.008500
400 0.007094
405 0.005804
410 0.002260
415 0.013526
420 0.002228
425 0.002119
430 0.004607
435 0.004851
440 0.019927
445 0.012133
450 0.005239
455 0.012607
460 0.008116
465 0.001186
470 0.016243
475 0.001444
480 0.004641
485 0.023748
490 0.015001
495 0.002044
500 0.011738
5 0.004665
10 0.002425
15 0.010811
20 0.017179
25 0.002251
30 0.004365
35 0.001431
40 0.005859
45 0.007344
50 0.008101
55 0.002754
60 0.006193
65 0.004903
70 0.002541
75 0.002780
80 0.002132
85 0.008372
90 0.010240
95 0.007661
100 0.003646
105 0.003456
110 0.003431
115 0.005689
120 0.004253
125 0.001833
130 0.004370
135 0.014970
140 0.005960
145 0.014561
150 0.010818
155 0.007906
160 0.000636
165 0.002691
170 0.003783
175 0.010667
180 0.003347
185 0.003552
190 0.001349
195 0.002796
200 0.008901
205 0.015795
210 0.010495
215 0.007573
220 0.002516
225 0.003662
230 0.009820
235 0.004081
240 0.015472
245 0.002228
250 0.001576
255 0.008185
260 0.019281
265 0.002220
270 0.006433
275 0.001159
280 0.001336
285 0.020219
290 0.005785
295 0.027346
300 0.009852
305 0.007975
310 0.002493
315 0.001417
320 0.015281
325 0.021742
330 0.010828
335 0.014791
340 0.007791
345 0.026348
350 0.011030
355 0.001025
360 0.003493
365 0.002938
370 0.025903
375 0.004966
380 0.016937
385 0.006240
390 0.006580
395 0.003744
400 0.026207
405 0.014708
410 0.008651
415 0.007317
420 0.002438
425 0.002864
430 0.003476
435 0.007605
440 0.005965
445 0.019384
450 0.004208
455 0.007239
460 0.003303
465 0.003003
470 0.025844
475 0.007481
480 0.008556
485 0.001017
490 0.001620
495 0.012936
500 0.017384
5 0.000565
10 0.036969
15 0.001902
20 0.002024
25 0.002060
30 0.002179
35 0.001968
40 0.002788
45 0.003319
50 0.003600
55 0.004350
60 0.004990
65 0.000889
70 0.003643
75 0.005285
80 0.025263
85 0.001640
90 0.004032
95 0.001650
100 0.018129
105 0.004300
110 0.003940
115 0.001792
120 0.007704
125 0.004216
130 0.011981
135 0.003897
140 0.001860
145 0.003895
150 0.002868
155 0.003066
160 0.018352
165 0.001030
170 0.002121
175 0.000744
180 0.005402
185 0.005911
190 0.010101
195 0.026764
200 0.004322
205 0.009119
210 0.005084
215 0.000741
220 0.008336
225 0.003409
230 0.012983
235 0.011687
240 0.004057
245 0.003044
250 0.023751
255 0.015927
260 0.006178
265 0.007467
270 0.056415
275 0.001870
280 0.003890
285 0.009056
290 0.008542
295 0.007438
300 0.014189
305 0.002918
310 0.015689
315 0.003591
320 0.014643
325 0.006572
330 0.010609
335 0.020002
340 0.004219
345 0.025114
350 0.003595
355 0.003583
360 0.014744
365 0.006297
370 0.006689
375 0.009064
380 0.011503
385 0.016325
390 0.001656
395 0.001562
400 0.057830
405 0.003421
410 0.012092
415 0.025921
420 0.009893
425 0.003177
430 0.005522
435 0.006955
440 0.001661
445 0.004225
450 0.015315
455 0.005055
460 0.007837
465 0.021564
470 0.006997
475 0.000730
480 0.001399
485 0.007574
490 0.005510
495 0.028918
500 0.017164
5 0.004851
10 0.016474
15 0.008751
20 0.011972
25 0.007937
30 0.008497
35 0.007632
40 0.006750
45 0.009578
50 0.001676
55 0.003529
60 0.002329
65 0.007037
70 0.017081
75 0.001441
80 0.003618
85 0.003355
90 0.005482
95 0.005109
100 0.006041
105 0.001823
110 0.003674
115 0.001050
120 0.008418
125 0.009177
130 0.008021
135 0.005576
140 0.001237
145 0.002659
150 0.002964
155 0.004652
160 0.003591
165 0.003980
170 0.014700
175 0.000738
180 0.011436
185 0.001398
190 0.001862
195 0.023381
200 0.006753
205 0.003236
210 0.001041
215 0.023541
220 0.021979
225 0.005522
230 0.006463
235 0.005136
240 0.002938
245 0.007430
250 0.012147
255 0.010412
260 0.005336
265 0.004881
270 0.002473
275 0.001678
280 0.002674
285 0.004039
290 0.003971
295 0.018643
300 0.003201
305 0.022907
310 0.011103
315 0.014799
320 0.016195
325 0.002734
330 0.004564
335 0.005050
340 0.002016
345 0.010673
350 0.017855
355 0.005499
360 0.009670
365 0.009994
370 0.003878
375 0.010150
380 0.020792
385 0.027371
390 0.003986
395 0.001492
400 0.018570
405 0.001272
410 0.010179
415 0.003641
420 0.002483
425 0.014732
430 0.003467
435 0.020498
440 0.003237
445 0.009940
450 0.045875
455 0.015952
460 0.009223
465 0.004707
470 0.016901
475 0.005179
480 0.001922
485 0.002328
490 0.004467
495 0.000680
500 0.006816
5 0.010058
10 0.001441
15 0.012619
20 0.005146
25 0.001378
30 0.001973
35 0.006561
40 0.005623
45 0.023086
50 0.008141
55 0.007387
60 0.002025
65 0.000961
70 0.009118
75 0.003734
80 0.004569
85 0.005283
90 0.006000
95 0.008662
100 0.001990
105 0.003306
110 0.005989
115 0.004296
120 0.001922
125 0.002068
130 0.018841
135 0.015489
140 0.011309
145 0.002431
150 0.007153
155 0.001694
160 0.000973
165 0.018291
170 0.015931
175 0.003026
180 0.005630
185 0.001625
190 0.005295
195 0.008553
200 0.014515
205 0.002922
210 0.002980
215 0.022708
220 0.007984
225 0.029413
230 0.002016
235 0.003928
240 0.001874
245 0.001797
250 0.004378
255 0.002233
260 0.016014
265 0.011674
270 0.002749
275 0.005273
280 0.007006
285 0.005599
290 0.012781
295 0.003568
300 0.022355
305 0.002997
310 0.002965
315 0.001247
320 0.001442
325 0.002898
330 0.006186
335 0.018792
340 0.004240
345 0.003851
350 0.005154
355 0.013431
360 0.004323
365 0.001991
370 0.007230
375 0.016489
380 0.001685
385 0.010276
390 0.002246
395 0.001464
400 0.013557
405 0.004328
410 0.014677
415 0.008648
420 0.002677
425 0.010505
430 0.003340
435 0.003728
440 0.006736
445 0.002015
450 0.006156
455 0.010824
460 0.000786
465 0.002578
470 0.012418
475 0.004571
480 0.004757
485 0.011713
490 0.008611
495 0.009498
500 0.002613
5 0.001705
10 0.006435
15 0.014876
20 0.004134
25 0.001785
30 0.001277
35 0.000815
40 0.003132
45 0.003069
50 0.002251
55 0.003317
60 0.015408
65 0.002142
70 0.011651
75 0.006649
80 0.001854
85 0.002097
90 0.001343
95 0.002268
100 0.002058
105 0.009077
110 0.004661
115 0.002195
120 0.012315
125 0.005451
130 0.001823
135 0.000999
140 0.008208
145 0.003443
150 0.005090
155 0.008748
160 0.001798
165 0.001097
170 0.014116
175 0.001243
180 0.001563
185 0.002472
190 0.006893
195 0.031795
200 0.001001
205 0.001534
210 0.003395
215 0.026620
220 0.032231
225 0.021793
230 0.009041
235 0.001458
240 0.001994
245 0.001609
250 0.000592
255 0.002098
260 0.008435
265 0.001424
270 0.004843
275 0.003021
280 0.010435
285 0.004469
290 0.002673
295 0.015016
300 0.020338
305 0.001049
310 0.004366
315 0.004382
320 0.023045
325 0.004874
330 0.003395
335 0.002255
340 0.015187
345 0.004608
350 0.008825
355 0.002309
360 0.014798
365 0.023078
370 0.025161
375 0.003663
380 0.006637
385 0.013585
390 0.002190
395 0.001062
400 0.001644
405 0.003594
410 0.002932
415 0.002515
420 0.003481
425 0.006156
430 0.032145
435 0.009277
440 0.010638
445 0.010308
450 0.013119
455 0.007755
460 0.003064
465 0.007608
470 0.023683
475 0.014459
480 0.004195
485 0.000826
490 0.012894
495 0.003489
500 0.009066
5 0.039652
10 0.019203
15 0.028550
20 0.002974
25 0.008633
30 0.004757
35 0.005641
40 0.007121
45 0.004348
50 0.006550
55 0.008098
60 0.001598
65 0.009473
70 0.003344
75 0.002159
80 0.002458
85 0.004851
90 0.001239
95 0.018850
100 0.005232
105 0.009329
110 0.007788
115 0.000767
120 0.007098
125 0.003049
130 0.006904
135 0.001969
140 0.001724
145 0.001236
150 0.004612
155 0.003210
160 0.008154
165 0.009269
170 0.001799
175 0.011086
180 0.002349
185 0.004502
190 0.001446
195 0.003796
200 0.003913
205 0.009312
210 0.052123
215 0.007800
220 0.001299
225 0.002797
230 0.004973
235 0.001659
240 0.005824
245 0.001310
250 0.018881
255 0.003651
260 0.001515
265 0.006637
270 0.003220
275 0.019314
280 0.013174
285 0.002168
290 0.004905
295 0.009253
300 0.016963
305 0.013163
310 0.018078
315 0.003462
320 0.017754
325 0.000928
330 0.005286
335 0.017801
340 0.007435
345 0.006496
350 0.003213
355 0.001016
360 0.012472
365 0.025016
370 0.013297
375 0.016530
380 0.005097
385 0.002265
390 0.005706
395 0.001266
400 0.004519
405 0.002571
410 0.004333
415 0.005373
420 0.003635
425 0.004253
430 0.000836
435 0.002923
440 0.012403
445 0.001363
450 0.016139
455 0.003447
460 0.002015
465 0.019643
470 0.001669
475 0.002862
480 0.000568
485 0.001763
490 0.004566
495 0.028072
500 0.003901
5 0.001593
10 0.003957
15 0.001307
20 0.001506
25 0.027199
30 0.005800
35 0.007665
40 0.005310
45 0.001192
50 0.002260
55 0.001884
60 0.001113
65 0.003386
70 0.019423
75 0.007513
80 0.007792
85 0.014701
90 0.005795
95 0.003731
100 0.001058
105 0.003467
110 0.004071
115 0.005004
120 0.006366
125 0.001447
130 0.008889
135 0.001754
140 0.000449
145 0.000852
150 0.000421
155 0.007430
160 0.002580
165 0.007611
170 0.005090
175 0.002619
180 0.004206
185 0.001491
190 0.002851
195 0.008284
200 0.005354
205 0.001021
210 0.004095
215 0.008012
220 0.002996
225 0.006237
230 0.002001
235 0.013695
240 0.050185
245 0.003470
250 0.005680
255 0.004036
260 0.006788
265 0.000265
270 0.004473
275 0.007091
280 0.001023
285 0.004013
290 0.000364
295 0.005063
300 0.004614
305 0.007402
310 0.013140
315 0.008307
320 0.012157
325 0.002309
330 0.006918
335 0.011001
340 0.006766
345 0.001685
350 0.008920
355 0.003241
360 0.003233
365 0.000924
370 0.023219
375 0.012927
380 0.004904
385 0.031902
390 0.003124
395 0.049834
400 0.010506
405 0.008318
410 0.010757
415 0.003130
420 0.001468
425 0.005350
430 0.004160
435 0.003304
440 0.032207
445 0.002064
450 0.000913
455 0.022525
460 0.004057
465 0.036567
470 0.005597
475 0.003015
480 0.001181
485 0.017946
490 0.003646
495 0.004359
500 0.008891
5 0.000811
10 0.003562
15 0.000731
20 0.002868
25 0.013968
30 0.002195
35 0.013313
40 0.003602
45 0.004058
50 0.001429
55 0.002437
60 0.002962
65 0.004106
70 0.004605
75 0.004472
80 0.001786
85 0.001479
90 0.007566
95 0.002116
100 0.001744
105 0.000697
110 0.001896
115 0.015451
120 0.008317
125 0.001302
130 0.002639
135 0.001651
140 0.005905
145 0.003809
150 0.003415
155 0.003039
160 0.003602
165 0.012266
170 0.005019
175 0.007891
180 0.002634
185 0.002587
190 0.001316
195 0.006572
200 0.001975
205 0.008256
210 0.001897
215 0.001076
220 0.005584
225 0.002500
230 0.002445
235 0.001689
240 0.002128
245 0.001613
250 0.005028
255 0.010283
260 0.018986
265 0.012307
270 0.003545
275 0.009225
280 0.003054
285 0.005366
290 0.003953
295 0.000780
300 0.003548
305 0.002357
310 0.002024
315 0.002166
320 0.010759
325 0.006464
330 0.003974
335 0.008313
340 0.003036
345 0.010148
350 0.005589
355 0.002563
360 0.002748
365 0.003678
370 0.003538
375 0.005560
380 0.006301
385 0.000972
390 0.001889
395 0.005098
400 0.003158
405 0.003124
410 0.006140
415 0.008494
420 0.005964
425 0.000465
430 0.003580
435 0.007050
440 0.006120
445 0.002280
450 0.008245
455 0.011597
460 0.002776
465 0.003132
470 0.001034
475 0.001194
480 0.002142
485 0.019600
490 0.005833
495 0.019428
500 0.000583
5 0.002806
10 0.007650
15 0.009294
20 0.007293
25 0.009781
30 0.004291
35 0.000793
40 0.008630
45 0.003290
50 0.004235
55 0.005603
60 0.028077
65 0.000672
70 0.041637
75 0.005151
80 0.002204
85 0.003505
90 0.005911
95 0.008849
100 0.004274
105 0.006153
110 0.007791
115 0.001393
120 0.001979
125 0.001560
130 0.000722
135 0.002634
140 0.001375
145 0.000547
150 0.010407
155 0.006479
160 0.000584
165 0.002042
170 0.006647
175 0.007793
180 0.001420
185 0.001657
190 0.012376
195 0.002966
200 0.006974
205 0.016363
210 0.003471
215 0.000861
220 0.000832
225 0.000464
230 0.008278
235 0.007373
240 0.004171
245 0.018182
250 0.012346
255 0.000638
260 0.003050
265 0.005060
270 0.011367
275 0.004689
280 0.001051
285 0.009435
290 0.003539
295 0.007511
300 0.023184
305 0.023512
310 0.036412
315 0.009830
320 0.001373
325 0.001574
330 0.001145
335 0.006953
340 0.002056
345 0.000875
350 0.001957
355 0.000874
360 0.004315
365 0.032393
370 0.004713
375 0.012286
380 0.001820
385 0.003146
390 0.002635
395 0.003132
400 0.003891
405 0.001402
410 0.003151
415 0.001606
420 0.001032
425 0.001192
430 0.026581
435 0.004757
440 0.005402
445 0.002904
450 0.000211
455 0.009298
460 0.003649
465 0.002607
470 0.006897
475 0.006120
480 0.005199
485 0.025220
490 0.003036
495 0.002635
500 0.001225
5 0.003654
10 0.012398
15 0.001420
20 0.001599
25 0.001022
30 0.003877
35 0.001173
40 0.003197
45 0.001974
50 0.003275
55 0.003705
60 0.006068
65 0.000826
70 0.001977
75 0.006916
80 0.002169
85 0.001190
90 0.002111
95 0.002328
100 0.007418
105 0.009708
110 0.003571
115 0.004205
120 0.001777
125 0.003094
130 0.005887
135 0.004626
140 0.000590
145 0.000942
150 0.001868
155 0.002098
160 0.014251
165 0.011256
170 0.002537
175 0.003569
180 0.008416
185 0.004115
190 0.002737
195 0.005930
200 0.001626
205 0.003594
210 0.017970
215 0.001710
220 0.003440
225 0.003951
230 0.003315
235 0.001841
240 0.001998
245 0.003202
250 0.006629
255 0.003524
260 0.002931
265 0.010099
270 0.004514
275 0.000441
280 0.001955
285 0.002057
290 0.002608
295 0.003849
300 0.002700
305 0.002291
310 0.002641
315 0.008405
320 0.006668
325 0.023042
330 0.001861
335 0.001918
340 0.003941
345 0.000825
350 0.001977
355 0.003360
360 0.022135
365 0.001511
370 0.001682
375 0.001294
380 0.004316
385 0.001310
390 0.003035
395 0.002006
400 0.001244
405 0.016054
410 0.002699
415 0.003172
420 0.004139
425 0.002534
430 0.000773
435 0.004139
440 0.000370
445 0.000804
450 0.000666
455 0.003047
460 0.004293
465 0.001928
470 0.001087
475 0.008750
480 0.007473
485 0.000646
490 0.016005
495 0.002242
500 0.003357
5 0.001763
10 0.003713
15 0.000304
20 0.000773
25 0.001739
30 0.004498
35 0.000748
40 0.000541
45 0.000428
50 0.001644
55 0.001511
60 0.001686
65 0.002185
70 0.000638
75 0.000165
80 0.001156
85 0.001680
90 0.004035
95 0.001513
100 0.000884
105 0.003130
110 0.000436
115 0.002297
120 0.002304
125 0.009751
130 0.001434
135 0.001495
140 0.000599
145 0.000787
150 0.002874
155 0.000951
160 0.001640
165 0.002294
170 0.000333
175 0.003450
180 0.003762
185 0.002701
190 0.005303
195 0.000969
200 0.001461
205 0.001695
210 0.002936
215 0.003871
220 0.002458
225 0.002281
230 0.000795
235 0.011725
240 0.001001
245 0.030941
250 0.000652
255 0.005940
260 0.001588
265 0.002359
270 0.003112
275 0.002091
280 0.001464
285 0.012542
290 0.007302
295 0.005754
300 0.000455
305 0.002700
310 0.016951
315 0.000756
320 0.001072
325 0.000795
330 0.001238
335 0.001163
340 0.000586
345 0.005402
350 0.004242
355 0.001808
360 0.003706
365 0.001666
370 0.003229
375 0.002635
380 0.000918
385 0.001118
390 0.000596
395 0.001203
400 0.002246
405 0.002351
410 0.001402
415 0.003462
420 0.001614
425 0.010554
430 0.002955
435 0.000895
440 0.004734
445 0.001843
450 0.004983
455 0.007957
460 0.012021
465 0.002494
470 0.005649
475 0.027516
480 0.000536
485 0.002374
490 0.000766
495 0.000177
500 0.002627
5 0.004393
10 0.004375
15 0.002204
20 0.005090
25 0.001017
30 0.003042
35 0.011082
40 0.009058
45 0.002785
50 0.025704
55 0.000363
60 0.001712
65 0.002974
70 0.002781
75 0.003193
80 0.000336
85 0.002298
90 0.001257
95 0.005028
100 0.005927
105 0.004873
110 0.005475
115 0.023543
120 0.005619
125 0.003461
130 0.002921
135 0.004088
140 0.002100
145 0.000845
150 0.001136
155 0.005477
160 0.002310
165 0.001613
170 0.002468
175 0.017480
180 0.013149
185 0.006489
190 0.006757
195 0.009928
200 0.001073
205 0.009310
210 0.000403
215 0.004445
220 0.008043
225 0.007432
230 0.001828
235 0.008170
240 0.007654
245 0.005003
250 0.007734
255 0.001531
260 0.002044
265 0.006493
270 0.002745
275 0.002327
280 0.002143
285 0.006807
290 0.002643
295 0.001185
300 0.000617
305 0.002561
310 0.006882
315 0.004412
320 0.001334
325 0.011163
330 0.002598
335 0.020655
340 0.003670
345 0.012848
350 0.037319
355 0.004182
360 0.000699
365 0.011572
370 0.002573
375 0.005769
380 0.002059
385 0.003588
390 0.001981
395 0.002137
400 0.011599
405 0.005472
410 0.003811
415 0.000965
420 0.092938
425 0.004460
430 0.003714
435 0.005684
440 0.010944
445 0.002588
450 0.004549
455 0.006806
460 0.059879
465 0.009275
470 0.010328
475 0.008261
480 0.000594
485 0.005650
490 0.007754
495 0.006913
500 0.002880
5 0.000786
10 0.003318
15 0.010278
20 0.003520
25 0.005561
30 0.003361
35 0.008418
40 0.012973
45 0.003136
50 0.010477
55 0.003812
60 0.002135
65 0.015517
70 0.008290
75 0.008747
80 0.000790
85 0.000822
90 0.008849
95 0.003346
100 0.002974
105 0.003021
110 0.007277
115 0.006624
120 0.004016
125 0.000942
130 0.000648
135 0.002809
140 0.003123
145 0.001491
150 0.003719
155 0.002058
160 0.012820
165 0.010868
170 0.004329
175 0.005349
180 0.001474
185 0.015323
190 0.000811
195 0.001970
200 0.024474
205 0.005188
210 0.004202
215 0.005305
220 0.000706
225 0.000929
230 0.004167
235 0.002294
240 0.000762
245 0.002016
250 0.000868
255 0.003844
260 0.002590
265 0.001427
270 0.006533
275 0.003216
280 0.004285
285 0.008327
290 0.009957
295 0.004112
300 0.001863
305 0.000321
310 0.010663
315 0.000992
320 0.004727
325 0.007690
330 0.014553
335 0.004933
340 0.006561
345 0.005376
350 0.004356
355 0.014212
360 0.002337
365 0.025952
370 0.001323
375 0.034222
380 0.000922
385 0.003968
390 0.003667
395 0.002295
400 0.003555
405 0.003776
410 0.008274
415 0.000517
420 0.002852
425 0.013487
430 0.001951
435 0.024309
440 0.002194
445 0.001506
450 0.002629
455 0.012524
460 0.000526
465 0.002149
470 0.012595
475 0.003343
480 0.004265
485 0.007933
490 0.001548
495 0.006465
500 0.000857
5 0.000669
10 0.004698
15 0.001424
20 0.008987
25 0.000347
30 0.000534
35 0.001917
40 0.003647
45 0.004082
50 0.009790
55 0.002677
60 0.004578
65 0.000609
70 0.003501
75 0.002256
80 0.000806
85 0.004545
90 0.000405
95 0.003583
100 0.008686
105 0.001312
110 0.000876
115 0.002483
120 0.000915
125 0.001016
130 0.001882
135 0.000689
140 0.002246
145 0.002888
150 0.012298
155 0.009343
160 0.001710
165 0.000985
170 0.001018
175 0.004607
180 0.002823
185 0.003600
190 0.011203
195 0.001540
200 0.001653
205 0.007730
210 0.010926
215 0.006252
220 0.006745
225 0.000974
230 0.014893
235 0.002818
240 0.000852
245 0.001147
250 0.003033
255 0.004342
260 0.000827
265 0.000845
270 0.001198
275 0.002028
280 0.006235
285 0.001768
290 0.003032
295 0.001187
300 0.001019
305 0.009275
310 0.005813
315 0.001810
320 0.001648
325 0.008181
330 0.003279
335 0.001202
340 0.001377
345 0.008534
350 0.015577
355 0.012191
360 0.001840
365 0.000582
370 0.001117
375 0.001471
380 0.004753
385 0.001273
390 0.003905
395 0.004708
400 0.001842
405 0.006118
410 0.009291
415 0.000821
420 0.002626
425 0.008612
430 0.001586
435 0.004228
440 0.003549
445 0.017029
450 0.006796
455 0.002172
460 0.010567
465 0.018077
470 0.002883
475 0.000890
480 0.000460
485 0.001376
490 0.003578
495 0.007171
500 0.012490
5 0.000553
10 0.003643
15 0.000298
20 0.010908
25 0.000106
30 0.000613
35 0.003284
40 0.001591
45 0.005606
50 0.000842
55 0.005687
60 0.000818
65 0.002783
70 0.013719
75 0.000440
80 0.009787
85 0.015208
90 0.010286
95 0.000917
100 0.002994
105 0.001238
110 0.002438
115 0.001204
120 0.000955
125 0.008182
130 0.002944
135 0.002002
140 0.001505
145 0.000960
150 0.002775
155 0.001310
160 0.003310
165 0.002379
170 0.001825
175 0.001518
180 0.007483
185 0.003644
190 0.001059
195 0.019713
200 0.002039
205 0.000743
210 0.004113
215 0.000891
220 0.002281
225 0.001811
230 0.001432
235 0.001090
240 0.000367
245 0.014184
250 0.001314
255 0.001154
260 0.010855
265 0.002334
270 0.026605
275 0.001729
280 0.001769
285 0.003777
290 0.012133
295 0.000379
300 0.013746
305 0.023610
310 0.005088
315 0.001857
320 0.002979
325 0.013707
330 0.026637
335 0.000599
340 0.004481
345 0.006531
350 0.000547
355 0.001354
360 0.001182
365 0.008669
370 0.000861
375 0.000710
380 0.002188
385 0.001640
390 0.001368
395 0.002347
400 0.001196
405 0.001212
410 0.004091
415 0.004394
420 0.002517
425 0.002052
430 0.000646
435 0.005424
440 0.016390
445 0.001681
450 0.003516
455 0.001202
460 0.005030
465 0.005991
470 0.001284
475 0.001709
480 0.000566
485 0.006393
490 0.002798
495 0.005650
500 0.004510
5 0.004902
10 0.004837
15 0.001605
20 0.003345
25 0.003916
30 0.002557
35 0.001523
40 0.000547
45 0.005590
50 0.006527
55 0.001790
60 0.001774
65 0.000756
70 0.003382
75 0.002153
80 0.004371
85 0.000210
90 0.003663
95 0.006505
100 0.002554
105 0.000405
110 0.002287
115 0.005205
120 0.000629
125 0.001233
130 0.014307
135 0.000403
140 0.002300
145 0.001358
150 0.001418
155 0.002936
160 0.002163
165 0.000402
170 0.001609
175 0.008982
180 0.004502
185 0.000843
190 0.000443
195 0.001899
200 0.007277
205 0.006016
210 0.004482
215 0.004178
220 0.000822
225 0.001413
230 0.001061
235 0.005212
240 0.001199
245 0.002355
250 0.003624
255 0.004024
260 0.004574
265 0.004042
270 0.001956
275 0.002482
280 0.005768
285 0.005880
290 0.002994
295 0.000602
300 0.000587
305 0.023356
310 0.000983
315 0.011470
320 0.015401
325 0.002646
330 0.002600
335 0.007201
340 0.001260
345 0.000439
350 0.001471
355 0.015502
360 0.011362
365 0.001352
370 0.002132
375 0.001961
380 0.003970
385 0.000288
390 0.001102
395 0.001155
400 0.001670
405 0.020759
410 0.000812
415 0.003654
420 0.001162
425 0.017739
430 0.000423
435 0.019317
440 0.024421
445 0.005309
450 0.000775
455 0.001580
460 0.008567
465 0.004186
470 0.002431
475 0.000694
480 0.002379
485 0.015349
490 0.001201
495 0.002952
500 0.002271
5 0.005203
10 0.002974
15 0.008049
20 0.002945
25 0.002996
30 0.000812
35 0.004133
40 0.027350
45 0.001144
50 0.002570
55 0.001573
60 0.001385
65 0.000702
70 0.001190
75 0.000558
80 0.001873
85 0.000838
90 0.002316
95 0.001960
100 0.001767
105 0.002804
110 0.000287
115 0.002162
120 0.000682
125 0.000545
130 0.032406
135 0.001168
140 0.001204
145 0.003167
150 0.005208
155 0.000398
160 0.000519
165 0.001265
170 0.002176
175 0.001696
180 0.003662
185 0.002036
190 0.000347
195 0.001101
200 0.008491
205 0.019916
210 0.003142
215 0.009030
220 0.021560
225 0.000881
230 0.003966
235 0.000722
240 0.005466
245 0.001768
250 0.003445
255 0.001260
260 0.000580
265 0.001872
270 0.015254
275 0.002384
280 0.003914
285 0.001132
290 0.001893
295 0.024337
300 0.000535
305 0.001498
310 0.001608
315 0.004510
320 0.003599
325 0.000343
330 0.000298
335 0.018887
340 0.024064
345 0.002544
350 0.006909
355 0.004086
360 0.001803
365 0.001411
370 0.000281
375 0.000864
380 0.003103
385 0.000446
390 0.001512
395 0.001606
400 0.001847
405 0.002868
410 0.000591
415 0.001054
420 0.004870
425 0.003037
430 0.003888
435 0.000533
440 0.003808
445 0.002747
450 0.001446
455 0.000693
460 0.001933
465 0.000775
470 0.001363
475 0.005696
480 0.001429
485 0.000325
490 0.001259
495 0.000281
500 0.001412
5 0.003254
10 0.000345
15 0.001072
20 0.000575
25 0.002069
30 0.000384
35 0.020168
40 0.000618
45 0.011632
50 0.000368
55 0.002326
60 0.000823
65 0.003889
70 0.000849
75 0.000443
80 0.001713
85 0.003563
90 0.001529
95 0.000456
100 0.016121
105 0.002510
110 0.000682
115 0.004853
120 0.004971
125 0.002713
130 0.002194
135 0.001750
140 0.004286
145 0.000861
150 0.001387
155 0.000509
160 0.019032
165 0.010331
170 0.009252
175 0.003360
180 0.000468
185 0.000478
190 0.000627
195 0.001104
200 0.000460
205 0.000846
210 0.002847
215 0.000491
220 0.000349
225 0.001498
230 0.006736
235 0.001753
240 0.001206
245 0.000288
250 0.003351
255 0.002685
260 0.007692
265 0.000773
270 0.004664
275 0.009862
280 0.000699
285 0.006921
290 0.002718
295 0.001413
300 0.000512
305 0.002171
310 0.000562
315 0.000861
320 0.001686
325 0.002213
330 0.013201
335 0.000905
340 0.002640
345 0.000438
350 0.001451
355 0.002507
360 0.006025
365 0.000426
370 0.004881
375 0.000883
380 0.002382
385 0.001721
390 0.002955
395 0.000856
400 0.001467
405 0.000259
410 0.001050
415 0.001484
420 0.001288
425 0.002049
430 0.003378
435 0.000348
440 0.013056
445 0.001538
450 0.000283
455 0.005355
460 0.003700
465 0.000683
470 0.003194
475 0.005462
480 0.003589
485 0.000623
490 0.002449
495 0.001890
500 0.001753
5 0.018697
10 0.000307
15 0.001989
20 0.002468
25 0.001130
30 0.001016
35 0.000689
40 0.000467
45 0.002083
50 0.002244
55 0.009560
60 0.000989
65 0.003782
70 0.010074
75 0.001222
80 0.002269
85 0.003847
90 0.002756
95 0.002269
100 0.002315
105 0.000148
110 0.000816
115 0.001017
120 0.005297
125 0.000089
130 0.000292
135 0.002210
140 0.000779
145 0.001644
150 0.000231
155 0.000538
160 0.000496
165 0.001956
170 0.000620
175 0.001576
180 0.001216
185 0.002419
190 0.001614
195 0.000552
200 0.001665
205 0.000881
210 0.000264
215 0.000357
220 0.001331
225 0.000932
230 0.015475
235 0.002063
240 0.005326
245 0.003240
250 0.002565
255 0.001052
260 0.002772
265 0.000492
270 0.001479
275 0.001900
280 0.001368
285 0.001079
290 0.000677
295 0.002822
300 0.000633
305 0.000612
310 0.001625
315 0.003699
320 0.001001
325 0.000994
330 0.002030
335 0.004446
340 0.000552
345 0.000631
350 0.004211
355 0.002076
360 0.001006
365 0.000309
370 0.000385
375 0.000806
380 0.001362
385 0.002688
390 0.004347
395 0.000556
400 0.001563
405 0.000748
410 0.008862
415 0.000116
420 0.001983
425 0.000585
430 0.000981
435 0.001056
440 0.001451
445 0.000205
450 0.001678
455 0.005769
460 0.002451
465 0.000420
470 0.000595
475 0.001443
480 0.000750
485 0.001169
490 0.001265
495 0.003016
500 0.000828
5 0.000606
10 0.001301
15 0.000746
20 0.000520
25 0.000866
30 0.001074
35 0.000824
40 0.000742
45 0.001173
50 0.004831
55 0.001563
60 0.000962
65 0.001563
70 0.000329
75 0.027085
80 0.002330
85 0.002875
90 0.001322
95 0.004899
100 0.000926
105 0.015411
110 0.000927
115 0.004814
120 0.000305
125 0.004156
130 0.001593
135 0.000898
140 0.014715
145 0.001142
150 0.001276
155 0.017616
160 0.002364
165 0.003567
170 0.001239
175 0.001098
180 0.003640
185 0.002642
190 0.000927
195 0.001647
200 0.000244
205 0.001823
210 0.000340
215 0.005436
220 0.060594
225 0.000779
230 0.000808
235 0.005347
240 0.002255
245 0.000583
250 0.000726
255 0.001918
260 0.002220
265 0.005003
270 0.000714
275 0.003554
280 0.006458
285 0.002903
290 0.010523
295 0.002085
300 0.001679
305 0.013415
310 0.004492
315 0.001764
320 0.000829
325 0.005887
330 0.001132
335 0.004144
340 0.000963
345 0.003806
350 0.001747
355 0.004417
360 0.003206
365 0.002533
370 0.013107
375 0.004985
380 0.018666
385 0.006799
390 0.003083
395 0.003798
400 0.025219
405 0.000452
410 0.060528
415 0.001182
420 0.003589
425 0.005669
430 0.003039
435 0.006118
440 0.002051
445 0.019533
450 0.003458
455 0.012459
460 0.002351
465 0.001047
470 0.015111
475 0.015063
480 0.015801
485 0.000402
490 0.002673
495 0.018593
500 0.001789
5 0.023819
10 0.000495
15 0.001228
20 0.007275
25 0.003007
30 0.001279
35 0.003469
40 0.000228
45 0.004112
50 0.012981
55 0.002056
60 0.001411
65 0.008367
70 0.005443
75 0.000876
80 0.006254
85 0.000514
90 0.009213
95 0.004056
100 0.001512
105 0.019125
110 0.003001
115 0.001475
120 0.010002
125 0.001184
130 0.001646
135 0.001958
140 0.003070
145 0.002338
150 0.000439
155 0.008657
160 0.000937
165 0.007829
170 0.018215
175 0.002471
180 0.001863
185 0.003597
190 0.000840
195 0.003582
200 0.003138
205 0.007696
210 0.000636
215 0.013872
220 0.001841
225 0.001489
230 0.005937
235 0.001394
240 0.002863
245 0.005452
250 0.001629
255 0.000414
260 0.000412
265 0.000878
270 0.001132
275 0.001481
280 0.003947
285 0.008946
290 0.000517
295 0.000564
300 0.042575
305 0.004574
310 0.010033
315 0.003160
320 0.002636
325 0.000370
330 0.003242
335 0.000385
340 0.008840
345 0.000746
350 0.001169
355 0.000319
360 0.004461
365 0.007255
370 0.009880
375 0.001534
380 0.000831
385 0.007424
390 0.002024
395 0.002551
400 0.000371
405 0.014224
410 0.001620
415 0.000435
420 0.000936
425 0.004265
430 0.004053
435 0.003040
440 0.003550
445 0.010225
450 0.001003
455 0.058528
460 0.014421
465 0.001549
470 0.002096
475 0.012961
480 0.003290
485 0.005299
490 0.001293
495 0.000121
500 0.012358
5 0.001047
10 0.000502
15 0.000357
20 0.000795
25 0.000486
30 0.010127
35 0.006192
40 0.001041
45 0.008385
50 0.007522
55 0.000800
60 0.002402
65 0.012915
70 0.000855
75 0.000744
80 0.002548
85 0.000579
90 0.000198
95 0.000654
100 0.005191
105 0.002868
110 0.009442
115 0.000865
120 0.002402
125 0.000453
130 0.034898
135 0.001899
140 0.001556
145 0.000188
150 0.000343
155 0.005580
160 0.000723
165 0.001438
170 0.000683
175 0.002186
180 0.000580
185 0.001330
190 0.000491
195 0.003862
200 0.012079
205 0.001569
210 0.008831
215 0.001450
220 0.001709
225 0.003072
230 0.002882
235 0.012030
240 0.008286
245 0.001109
250 0.005146
255 0.001516
260 0.001363
265 0.000156
270 0.000910
275 0.005867
280 0.009975
285 0.002654
290 0.001147
295 0.000632
300 0.009472
305 0.017494
310 0.002922
315 0.001262
320 0.000215
325 0.000405
330 0.000585
335 0.012516
340 0.001677
345 0.004429
350 0.000271
355 0.001963
360 0.001819
365 0.028439
370 0.000533
375 0.007647
380 0.006448
385 0.001409
390 0.023989
395 0.001471
400 0.000651
405 0.000194
410 0.003153
415 0.000262
420 0.000365
425 0.000377
430 0.000281
435 0.001014
440 0.003297
445 0.000334
450 0.004727
455 0.000437
460 0.007427
465 0.005622
470 0.009239
475 0.001593
480 0.001264
485 0.000575
490 0.000266
495 0.006945
500 0.000571
5 0.002179
10 0.007185
15 0.007224
20 0.002060
25 0.019182
30 0.002094
35 0.001160
40 0.002317
45 0.012487
50 0.001649
55 0.001305
60 0.005131
65 0.014033
70 0.016997
75 0.000963
80 0.000262
85 0.001197
90 0.003309
95 0.001991
100 0.000929
105 0.005201
110 0.003892
115 0.000617
120 0.000832
125 0.000477
130 0.002643
135 0.000752
140 0.000396
145 0.003284
150 0.005136
155 0.001594
160 0.001582
165 0.005000
170 0.001451
175 0.000578
180 0.006147
185 0.001195
190 0.004974
195 0.000659
200 0.009127
205 0.007343
210 0.034673
215 0.021484
220 0.001613
225 0.011241
230 0.064216
235 0.000140
240 0.000793
245 0.002379
250 0.003595
255 0.014203
260 0.001507
265 0.001165
270 0.000432
275 0.008483
280 0.005255
285 0.002175
290 0.003840
295 0.000445
300 0.005198
305 0.006455
310 0.001229
315 0.008433
320 0.005131
325 0.000243
330 0.000381
335 0.008907
340 0.001201
345 0.003057
350 0.000529
355 0.004334
360 0.004132
365 0.001289
370 0.002718
375 0.001963
380 0.000771
385 0.001531
390 0.009773
395 0.004266
400 0.001851
405 0.001064
410 0.014167
415 0.001043
420 0.004400
425 0.000478
430 0.000920
435 0.002568
440 0.002179
445 0.000860
450 0.004740
455 0.004806
460 0.006669
465 0.001290
470 0.003360
475 0.003338
480 0.001554
485 0.002505
490 0.012680
495 0.000169
500 0.002823
5 0.005258
10 0.027074
15 0.000405
20 0.001256
25 0.001820
30 0.000477
35 0.005393
40 0.000794
45 0.000256
50 0.001569
55 0.003895
60 0.001933
65 0.011968
70 0.000424
75 0.001368
80 0.003730
85 0.002556
90 0.001047
95 0.003853
100 0.000793
105 0.003746
110 0.002724
115 0.000296
120 0.014287
125 0.001999
130 0.001724
135 0.001439
140 0.001209
145 0.013351
150 0.000953
155 0.000854
160 0.000736
165 0.000635
170 0.006744
175 0.001049
180 0.001985
185 0.003139
190 0.000958
195 0.000697
200 0.002493
205 0.000962
210 0.004568
215 0.004158
220 0.000894
225 0.001356
230 0.000808
235 0.000819
240 0.001923
245 0.002947
250 0.002186
255 0.000462
260 0.014514
265 0.000518
270 0.005038
275 0.000887
280 0.002531
285 0.002003
290 0.000682
295 0.005552
300 0.000684
305 0.001504
310 0.000795
315 0.000747
320 0.005486
325 0.001615
330 0.001626
335 0.000460
340 0.001825
345 0.001733
350 0.002035
355 0.001585
360 0.000257
365 0.000909
370 0.001590
375 0.000733
380 0.000225
385 0.004404
390 0.000665
395 0.000432
400 0.000793
405 0.002527
410 0.003914
415 0.001786
420 0.001129
425 0.000948
430 0.000500
435 0.000601
440 0.000848
445 0.000380
450 0.001359
455 0.000724
460 0.003259
465 0.001240
470 0.000252
475 0.000532
480 0.000786
485 0.001574
490 0.001963
495 0.001691
500 0.004432
5 0.000903
10 0.002205
15 0.003888
20 0.000392
25 0.000034
30 0.000230
35 0.000733
40 0.000365
45 0.001418
50 0.002920
55 0.000306
60 0.001281
65 0.000458
70 0.001248
75 0.001095
80 0.000114
85 0.001087
90 0.012009
95 0.000317
100 0.001102
105 0.003514
110 0.000653
115 0.000394
120 0.007527
125 0.000673
130 0.001719
135 0.002529
140 0.000238
145 0.000185
150 0.001355
155 0.001538
160 0.000510
165 0.002464
170 0.014871
175 0.001180
180 0.000748
185 0.007724
190 0.001037
195 0.000148
200 0.000519
205 0.001092
210 0.000062
215 0.000908
220 0.004661
225 0.000238
230 0.001571
235 0.000748
240 0.000268
245 0.002669
250 0.002424
255 0.014538
260 0.012074
265 0.007533
270 0.002424
275 0.000276
280 0.000876
285 0.002831
290 0.002414
295 0.000636
300 0.009929
305 0.002979
310 0.000362
315 0.000287
320 0.001691
325 0.000240
330 0.000443
335 0.002702
340 0.002136
345 0.001168
350 0.002453
355 0.017131
360 0.000845
365 0.001301
370 0.000895
375 0.016982
380 0.001109
385 0.000396
390 0.000342
395 0.002436
400 0.001004
405 0.000833
410 0.001817
415 0.000424
420 0.004529
425 0.010035
430 0.005275
435 0.000445
440 0.002826
445 0.000251
450 0.001436
455 0.000106
460 0.000114
465 0.000461
470 0.001004
475 0.002897
480 0.001698
485 0.000590
490 0.000767
495 0.008812
500 0.004221
5 0.001368
10 0.000365
15 0.000218
20 0.011119
25 0.000846
30 0.004885
35 0.000963
40 0.000351
45 0.000169
50 0.000488
55 0.001864
60 0.000137
65 0.000444
70 0.000348
75 0.016713
80 0.001252
85 0.000374
90 0.000632
95 0.000732
100 0.001411
105 0.010590
110 0.001745
115 0.003971
120 0.001340
125 0.000238
130 0.001869
135 0.002455
140 0.000503
145 0.000154
150 0.000667
155 0.000465
160 0.002064
165 0.000686
170 0.000759
175 0.001059
180 0.000159
185 0.002340
190 0.001617
195 0.000176
200 0.000290
205 0.000348
210 0.001559
215 0.000568
220 0.007266
225 0.000681
230 0.008191
235 0.017828
240 0.001204
245 0.005233
250 0.009540
255 0.000451
260 0.005118
265 0.000238
270 0.002094
275 0.002923
280 0.003679
285 0.000563
290 0.002331
295 0.000370
300 0.001754
305 0.001351
310 0.008014
315 0.000818
320 0.000445
325 0.000480
330 0.025146
335 0.000392
340 0.001810
345 0.000832
350 0.001460
355 0.005484
360 0.000096
365 0.000195
370 0.000643
375 0.003877
380 0.000707
385 0.000611
390 0.002911
395 0.001550
400 0.005774
405 0.000475
410 0.000755
415 0.004195
420 0.000936
425 0.000459
430 0.003518
435 0.004648
440 0.003388
445 0.000410
450 0.000712
455 0.002560
460 0.002637
465 0.000248
470 0.011309
475 0.000942
480 0.002982
485 0.001900
490 0.005039
495 0.004842
500 0.009127
5 0.002117
10 0.000658
15 0.011747
20 0.000086
25 0.001299
30 0.000854
35 0.004491
40 0.033875
45 0.033026
50 0.000476
55 0.000152
60 0.000852
65 0.003643
70 0.003893
75 0.001328
80 0.000259
85 0.000543
90 0.014469
95 0.000618
100 0.000608
105 0.000366
110 0.000324
115 0.015598
120 0.001083
125 0.001857
130 0.002082
135 0.003385
140 0.000584
145 0.000842
150 0.002060
155 0.000871
160 0.000678
165 0.000795
170 0.028308
175 0.001238
180 0.030764
185 0.000962
190 0.003826
195 0.000782
200 0.002413
205 0.010076
210 0.010822
215 0.003824
220 0.009048
225 0.007257
230 0.001365
235 0.013947
240 0.002753
245 0.010663
250 0.003022
255 0.006759
260 0.008282
265 0.001581
270 0.059065
275 0.008859
280 0.000874
285 0.000629
290 0.023944
295 0.004222
300 0.002136
305 0.030565
310 0.000673
315 0.000655
320 0.000325
325 0.000288
330 0.003381
335 0.000451
340 0.000836
345 0.001079
350 0.001067
355 0.007055
360 0.001299
365 0.002282
370 0.000837
375 0.001940
380 0.002240
385 0.000342
390 0.005234
395 0.001136
400 0.013950
405 0.033300
410 0.000832
415 0.005285
420 0.000744
425 0.007175
430 0.001664
435 0.000949
440 0.011250
445 0.002176
450 0.001923
455 0.002138
460 0.003768
465 0.007521
470 0.000498
475 0.001296
480 0.000856
485 0.000550
490 0.002250
495 0.004665
500 0.008180
5 0.000561
10 0.006500
15 0.000113
20 0.001097
25 0.001169
30 0.002351
35 0.000850
40 0.006539
45 0.001584
50 0.010677
55 0.043386
60 0.000200
65 0.002073
70 0.000893
75 0.007787
80 0.001332
85 0.002031
90 0.001639
95 0.000403
100 0.000511
105 0.000943
110 0.001767
115 0.000151
120 0.001773
125 0.002364
130 0.000695
135 0.000442
140 0.012041
145 0.007900
150 0.000661
155 0.012656
160 0.000882
165 0.008775
170 0.006618
175 0.014662
180 0.003647
185 0.000533
190 0.001162
195 0.002352
200 0.000161
205 0.000591
210 0.001865
215 0.010717
220 0.000639
225 0.001540
230 0.000324
235 0.001584
240 0.000167
245 0.000923
250 0.002985
255 0.000246
260 0.000223
265 0.011756
270 0.004080
275 0.000151
280 0.000316
285 0.006216
290 0.003868
295 0.003722
300 0.006675
305 0.000920
310 0.000600
315 0.000807
320 0.004396
325 0.003903
330 0.006829
335 0.001532
340 0.001000
345 0.013448
350 0.029488
355 0.001763
360 0.002785
365 0.000454
370 0.000211
375 0.001017
380 0.001242
385 0.006215
390 0.002934
395 0.000743
400 0.009163
405 0.004326
410 0.002210
415 0.002376
420 0.001876
425 0.001781
430 0.002522
435 0.049696
440 0.000505
445 0.014503
450 0.003599
455 0.003549
460 0.000922
465 0.003609
470 0.000472
475 0.002852
480 0.004441
485 0.001582
490 0.000811
495 0.003676
500 0.029498
