5 1.977805
10 1.769194
15 1.529738
20 1.382965
25 1.138072
30 0.953961
35 0.917718
40 0.842439
45 0.743727
50 0.734609
55 0.516575
60 0.524747
65 0.672964
70 0.572605
75 0.600009
80 0.645676
85 0.644510
90 0.543072
95 0.532717
100 0.335208
105 0.424786
110 0.430559
115 0.325734
120 0.396750
125 0.614638
130 0.585207
135 0.316740
140 0.714209
145 0.432995
150 0.386493
155 0.402323
160 0.567344
165 0.363314
170 0.525816
175 0.494469
180 0.337035
185 0.449051
190 0.327713
195 0.282453
200 0.416662
205 0.266959
210 0.658029
215 0.310528
220 0.329974
225 0.473466
230 0.250571
235 0.382430
240 0.464773
245 0.418842
250 0.480416
255 0.252859
260 0.331190
265 0.449795
270 0.240588
275 0.421458
280 0.233777
285 0.265969
290 0.304317
295 0.262911
300 0.565202
305 0.408471
310 0.382915
315 0.428852
320 0.320529
325 0.569516
330 0.290158
335 0.326242
340 0.191727
345 0.456429
350 0.297955
355 0.382424
360 0.350434
365 0.468975
370 0.195014
375 0.701347
380 0.417720
385 0.188452
390 0.237925
395 0.500417
400 0.471787
405 0.338718
410 0.284574
415 0.445129
420 0.394007
425 0.552869
430 0.546929
435 0.218117
440 0.374764
445 0.416775
450 0.343343
455 0.485849
460 0.411378
465 0.411062
470 0.272083
475 0.393929
480 0.430787
485 0.197852
490 0.460234
495 0.438188
500 0.364611
5 0.257554
10 0.236762
15 0.432457
20 0.310038
25 0.291946
30 0.239194
35 0.298981
40 0.246709
45 0.214355
50 0.347826
55 0.372180
60 0.255401
65 0.417786
70 0.361859
75 0.231168
80 0.250639
85 0.285992
90 0.431178
95 0.240508
100 0.316074
105 0.332948
110 0.382048
115 0.264690
120 0.340441
125 0.399062
130 0.354495
135 0.335945
140 0.263184
145 0.206852
150 0.115542
155 0.390846
160 0.460119
165 0.322354
170 0.308180
175 0.220618
180 0.300959
185 0.268342
190 0.302247
195 0.140807
200 0.201278
205 0.241420
210 0.328234
215 0.198523
220 0.123258
225 0.283278
230 0.148467
235 0.225917
240 0.230348
245 0.334035
250 0.338952
255 0.206603
260 0.286762
265 0.235427
270 0.373071
275 0.294785
280 0.335685
285 0.301593
290 0.321311
295 0.310100
300 0.211838
305 0.195200
310 0.104120
315 0.265908
320 0.211952
325 0.288173
330 0.199981
335 0.235093
340 0.264127
345 0.217358
350 0.149119
355 0.182349
360 0.322318
365 0.316158
370 0.280755
375 0.251361
380 0.290151
385 0.252837
390 0.228823
395 0.258125
400 0.164758
405 0.202424
410 0.159270
415 0.221687
420 0.178451
425 0.318601
430 0.205357
435 0.305605
440 0.236288
445 0.246247
450 0.140036
455 0.313232
460 0.353962
465 0.203406
470 0.137509
475 0.231803
480 0.118513
485 0.280275
490 0.303614
495 0.185670
500 0.331093
5 0.402796
10 0.141437
15 0.234095
20 0.139738
25 0.154301
30 0.210813
35 0.248363
40 0.252857
45 0.254548
50 0.395969
55 0.271903
60 0.135104
65 0.257535
70 0.103193
75 0.247249
80 0.177769
85 0.192524
90 0.256595
95 0.355818
100 0.146596
105 0.195029
110 0.241180
115 0.145936
120 0.219336
125 0.176287
130 0.175900
135 0.244664
140 0.261550
145 0.075881
150 0.146118
155 0.401490
160 0.241807
165 0.296256
170 0.143266
175 0.170571
180 0.175067
185 0.174873
190 0.283334
195 0.203262
200 0.139431
205 0.105122
210 0.313946
215 0.246988
220 0.276676
225 0.144452
230 0.139422
235 0.460432
240 0.194882
245 0.182434
250 0.196241
255 0.116489
260 0.262016
265 0.117559
270 0.215334
275 0.246372
280 0.174221
285 0.184590
290 0.167951
295 0.200777
300 0.228608
305 0.222157
310 0.222039
315 0.224906
320 0.416131
325 0.215332
330 0.235615
335 0.184934
340 0.197267
345 0.109542
350 0.252174
355 0.269911
360 0.109574
365 0.186174
370 0.231227
375 0.160056
380 0.192293
385 0.148610
390 0.143540
395 0.195694
400 0.210023
405 0.177569
410 0.235711
415 0.091577
420 0.223850
425 0.176111
430 0.199251
435 0.189487
440 0.226813
445 0.146052
450 0.225663
455 0.078107
460 0.059935
465 0.183328
470 0.141608
475 0.163771
480 0.212961
485 0.158048
490 0.216342
495 0.136557
500 0.228917
5 0.174292
10 0.183293
15 0.145663
20 0.109805
25 0.324063
30 0.063727
35 0.269753
40 0.171532
45 0.194228
50 0.073189
55 0.180641
60 0.157263
65 0.126587
70 0.250173
75 0.108334
80 0.100934
85 0.208318
90 0.271455
95 0.241265
100 0.140478
105 0.106970
110 0.192905
115 0.185306
120 0.239822
125 0.118367
130 0.278067
135 0.114273
140 0.317898
145 0.204759
150 0.207556
155 0.117307
160 0.295856
165 0.151832
170 0.193134
175 0.185496
180 0.139600
185 0.172388
190 0.194616
195 0.086206
200 0.149893
205 0.138218
210 0.239457
215 0.178426
220 0.072952
225 0.180363
230 0.117906
235 0.173403
240 0.323987
245 0.104416
250 0.116392
255 0.160646
260 0.184843
265 0.204056
270 0.145985
275 0.069577
280 0.206092
285 0.127490
290 0.154979
295 0.184211
300 0.185286
305 0.183225
310 0.149506
315 0.159173
320 0.163588
325 0.164164
330 0.139864
335 0.116086
340 0.334453
345 0.166988
350 0.129446
355 0.098736
360 0.120345
365 0.101233
370 0.086945
375 0.062875
380 0.115856
385 0.408325
390 0.257444
395 0.171664
400 0.242696
405 0.308729
410 0.149461
415 0.160195
420 0.176719
425 0.220683
430 0.092808
435 0.157890
440 0.150189
445 0.184411
450 0.155825
455 0.091945
460 0.295029
465 0.163140
470 0.167573
475 0.076695
480 0.214463
485 0.117729
490 0.116154
495 0.236319
500 0.208270
5 0.141712
10 0.212168
15 0.136978
20 0.153422
25 0.152290
30 0.160387
35 0.206151
40 0.142503
45 0.216905
50 0.178775
55 0.156502
60 0.100262
65 0.214193
70 0.156582
75 0.196235
80 0.092063
85 0.149717
90 0.177793
95 0.191947
100 0.082883
105 0.183853
110 0.107091
115 0.129751
120 0.108877
125 0.115173
130 0.147380
135 0.116025
140 0.096337
145 0.151980
150 0.054756
155 0.087902
160 0.197349
165 0.152095
170 0.160306
175 0.130311
180 0.105182
185 0.161280
190 0.148357
195 0.080765
200 0.131294
205 0.138481
210 0.111381
215 0.130220
220 0.077915
225 0.167313
230 0.107969
235 0.057697
240 0.163334
245 0.176174
250 0.163982
255 0.071181
260 0.101707
265 0.107608
270 0.153793
275 0.199705
280 0.186094
285 0.105791
290 0.133018
295 0.125856
300 0.131687
305 0.191845
310 0.175933
315 0.120471
320 0.090962
325 0.083032
330 0.115459
335 0.056054
340 0.105458
345 0.156083
350 0.099421
355 0.112207
360 0.221456
365 0.163381
370 0.191717
375 0.102124
380 0.177959
385 0.116945
390 0.049954
395 0.096730
400 0.203512
405 0.182030
410 0.090706
415 0.115078
420 0.187966
425 0.135911
430 0.109106
435 0.144742
440 0.104308
445 0.106998
450 0.065980
455 0.186311
460 0.324776
465 0.112892
470 0.064727
475 0.196463
480 0.156711
485 0.035017
490 0.090379
495 0.125250
500 0.175509
5 0.082553
10 0.197158
15 0.124932
20 0.065433
25 0.156391
30 0.047593
35 0.121878
40 0.125362
45 0.070345
50 0.072802
55 0.136942
60 0.028390
65 0.071447
70 0.119336
75 0.081215
80 0.148583
85 0.122267
90 0.159600
95 0.157469
100 0.103048
105 0.035168
110 0.093581
115 0.101239
120 0.118612
125 0.064733
130 0.166063
135 0.188252
140 0.188966
145 0.156102
150 0.143006
155 0.077493
160 0.139260
165 0.160088
170 0.064739
175 0.156965
180 0.201256
185 0.104900
190 0.064419
195 0.084797
200 0.148465
205 0.069853
210 0.231719
215 0.222059
220 0.117880
225 0.156054
230 0.233672
235 0.136693
240 0.119791
245 0.073790
250 0.124063
255 0.108279
260 0.189399
265 0.111766
270 0.058237
275 0.081331
280 0.152311
285 0.075363
290 0.168024
295 0.075618
300 0.117746
305 0.102302
310 0.060512
315 0.099808
320 0.120120
325 0.066987
330 0.135336
335 0.057627
340 0.111946
345 0.069724
350 0.182226
355 0.099225
360 0.100524
365 0.161323
370 0.054841
375 0.094326
380 0.079274
385 0.126366
390 0.076733
395 0.186185
400 0.063602
405 0.200423
410 0.066058
415 0.225088
420 0.128432
425 0.177943
430 0.138831
435 0.071329
440 0.234299
445 0.156259
450 0.159325
455 0.093258
460 0.043958
465 0.085240
470 0.195326
475 0.079949
480 0.082509
485 0.086248
490 0.127599
495 0.060416
500 0.064681
5 0.087575
10 0.107626
15 0.056609
20 0.074287
25 0.081786
30 0.086188
35 0.073818
40 0.096999
45 0.057224
50 0.066393
55 0.075274
60 0.089051
65 0.054720
70 0.063327
75 0.196446
80 0.173645
85 0.072117
90 0.130464
95 0.131141
100 0.098634
105 0.115144
110 0.142326
115 0.065472
120 0.061136
125 0.154311
130 0.198373
135 0.106873
140 0.158068
145 0.099048
150 0.051345
155 0.058642
160 0.176519
165 0.097713
170 0.055106
175 0.120300
180 0.051961
185 0.184637
190 0.054166
195 0.118864
200 0.093121
205 0.207687
210 0.090727
215 0.263727
220 0.186646
225 0.162672
230 0.083927
235 0.061373
240 0.083725
245 0.069300
250 0.052896
255 0.108756
260 0.111038
265 0.103950
270 0.023923
275 0.076445
280 0.100992
285 0.037409
290 0.084151
295 0.098531
300 0.079445
305 0.181367
310 0.101139
315 0.060835
320 0.075855
325 0.223624
330 0.154996
335 0.113943
340 0.058108
345 0.107190
350 0.056029
355 0.080523
360 0.031776
365 0.256630
370 0.083666
375 0.171079
380 0.180039
385 0.071282
390 0.090077
395 0.169882
400 0.052127
405 0.119040
410 0.160806
415 0.132954
420 0.084621
425 0.132088
430 0.095320
435 0.080618
440 0.159235
445 0.127582
450 0.030137
455 0.095623
460 0.068488
465 0.130165
470 0.143417
475 0.086016
480 0.140043
485 0.129613
490 0.096214
495 0.117311
500 0.099857
5 0.072677
10 0.062241
15 0.118560
20 0.055851
25 0.076334
30 0.027138
35 0.081728
40 0.096610
45 0.099080
50 0.147927
55 0.068373
60 0.089712
65 0.144408
70 0.138241
75 0.076682
80 0.054516
85 0.098780
90 0.168142
95 0.055883
100 0.291391
105 0.091976
110 0.053657
115 0.101264
120 0.089483
125 0.113954
130 0.081942
135 0.086985
140 0.035095
145 0.148555
150 0.085115
155 0.136609
160 0.142651
165 0.161078
170 0.114866
175 0.017639
180 0.071377
185 0.054885
190 0.052589
195 0.071655
200 0.049160
205 0.075685
210 0.129159
215 0.032288
220 0.115231
225 0.083827
230 0.082970
235 0.073086
240 0.062014
245 0.052293
250 0.097369
255 0.181389
260 0.116950
265 0.085278
270 0.136983
275 0.103386
280 0.132552
285 0.055171
290 0.123973
295 0.081509
300 0.129315
305 0.070994
310 0.084825
315 0.022656
320 0.037390
325 0.086190
330 0.020131
335 0.066258
340 0.062576
345 0.052579
350 0.060737
355 0.180023
360 0.116189
365 0.112451
370 0.106820
375 0.100263
380 0.104778
385 0.081880
390 0.069423
395 0.113413
400 0.089262
405 0.145123
410 0.109067
415 0.131179
420 0.075399
425 0.076584
430 0.114819
435 0.126357
440 0.113583
445 0.118803
450 0.057870
455 0.052929
460 0.093755
465 0.040310
470 0.174986
475 0.042652
480 0.035043
485 0.035099
490 0.118232
495 0.042041
500 0.049733
5 0.097677
10 0.064945
15 0.092136
20 0.081999
25 0.049504
30 0.124970
35 0.196524
40 0.093014
45 0.029193
50 0.110567
55 0.042142
60 0.140393
65 0.089550
70 0.074315
75 0.072172
80 0.087679
85 0.099551
90 0.144138
95 0.060041
100 0.058038
105 0.088993
110 0.039265
115 0.056871
120 0.046519
125 0.053787
130 0.055397
135 0.035593
140 0.167855
145 0.040507
150 0.032687
155 0.109505
160 0.079856
165 0.055158
170 0.038906
175 0.052259
180 0.107617
185 0.186518
190 0.047496
195 0.067347
200 0.094603
205 0.040184
210 0.076155
215 0.025060
220 0.068892
225 0.053402
230 0.076713
235 0.045317
240 0.071905
245 0.106076
250 0.080597
255 0.082461
260 0.064233
265 0.111711
270 0.059494
275 0.205978
280 0.039143
285 0.084629
290 0.119042
295 0.109277
300 0.036268
305 0.095005
310 0.125401
315 0.067774
320 0.184349
325 0.156267
330 0.042428
335 0.033055
340 0.111965
345 0.072774
350 0.089349
355 0.047866
360 0.116898
365 0.130381
370 0.098768
375 0.092746
380 0.083567
385 0.053220
390 0.055043
395 0.164550
400 0.023275
405 0.081305
410 0.080060
415 0.093113
420 0.044568
425 0.137222
430 0.034314
435 0.044607
440 0.161927
445 0.131455
450 0.082354
455 0.082023
460 0.049976
465 0.106140
470 0.104171
475 0.084211
480 0.076965
485 0.020658
490 0.044479
495 0.114707
500 0.105442
5 0.083782
10 0.080056
15 0.018397
20 0.026922
25 0.098138
30 0.155463
35 0.078860
40 0.071253
45 0.086592
50 0.054988
55 0.032271
60 0.155161
65 0.037797
70 0.112611
75 0.061723
80 0.029399
85 0.172797
90 0.222179
95 0.059193
100 0.051164
105 0.064457
110 0.095094
115 0.069353
120 0.058849
125 0.076450
130 0.078541
135 0.087452
140 0.049455
145 0.057538
150 0.066385
155 0.085204
160 0.064158
165 0.133023
170 0.072266
175 0.034594
180 0.114559
185 0.031403
190 0.083502
195 0.034707
200 0.159337
205 0.063793
210 0.075228
215 0.123990
220 0.020225
225 0.049563
230 0.076973
235 0.085083
240 0.112852
245 0.102790
250 0.077417
255 0.096148
260 0.081229
265 0.141145
270 0.043777
275 0.104070
280 0.112875
285 0.092711
290 0.096303
295 0.092651
300 0.088222
305 0.042930
310 0.077313
315 0.034826
320 0.085320
325 0.092200
330 0.056079
335 0.103076
340 0.128636
345 0.084935
350 0.078982
355 0.219643
360 0.118504
365 0.086248
370 0.075812
375 0.078687
380 0.121628
385 0.101437
390 0.050293
395 0.082698
400 0.077938
405 0.052949
410 0.099281
415 0.039472
420 0.028436
425 0.060464
430 0.125056
435 0.036316
440 0.103842
445 0.091748
450 0.045037
455 0.117466
460 0.051972
465 0.107592
470 0.128016
475 0.087699
480 0.092733
485 0.109867
490 0.110080
495 0.060294
500 0.110462
5 0.049856
10 0.043604
15 0.019426
20 0.056350
25 0.065938
30 0.046678
35 0.039798
40 0.035872
45 0.068965
50 0.032351
55 0.039147
60 0.038995
65 0.035085
70 0.038175
75 0.033275
80 0.050074
85 0.084688
90 0.099699
95 0.037197
100 0.032949
105 0.073816
110 0.043302
115 0.035468
120 0.036445
125 0.193526
130 0.037570
135 0.078841
140 0.057692
145 0.033924
150 0.057438
155 0.105738
160 0.077555
165 0.014376
170 0.077416
175 0.011151
180 0.140308
185 0.068555
190 0.050072
195 0.065120
200 0.091609
205 0.081597
210 0.095454
215 0.127529
220 0.045899
225 0.052388
230 0.077607
235 0.052793
240 0.088653
245 0.059523
250 0.091085
255 0.026133
260 0.068052
265 0.031178
270 0.092098
275 0.080996
280 0.076055
285 0.045995
290 0.109664
295 0.083771
300 0.137306
305 0.086628
310 0.127963
315 0.042510
320 0.042715
325 0.105904
330 0.061866
335 0.032534
340 0.124942
345 0.133242
350 0.036387
355 0.014544
360 0.113064
365 0.080930
370 0.031448
375 0.058196
380 0.067422
385 0.055312
390 0.062878
395 0.069952
400 0.063668
405 0.162970
410 0.041407
415 0.105590
420 0.079229
425 0.030025
430 0.084924
435 0.095802
440 0.125227
445 0.165413
450 0.058875
455 0.067853
460 0.024337
465 0.018366
470 0.084132
475 0.092142
480 0.046305
485 0.045369
490 0.116845
495 0.032343
500 0.048637
5 0.067689
10 0.138469
15 0.022058
20 0.047939
25 0.122096
30 0.067721
35 0.047860
40 0.064730
45 0.036181
50 0.009270
55 0.091250
60 0.099101
65 0.077599
70 0.030632
75 0.093665
80 0.037073
85 0.083015
90 0.025863
95 0.069228
100 0.040289
105 0.030932
110 0.120213
115 0.057442
120 0.025838
125 0.115006
130 0.026055
135 0.021230
140 0.086351
145 0.049166
150 0.020663
155 0.085272
160 0.045352
165 0.037077
170 0.086814
175 0.035232
180 0.022516
185 0.062535
190 0.049749
195 0.096546
200 0.055696
205 0.076523
210 0.128074
215 0.084771
220 0.023880
225 0.071006
230 0.057738
235 0.041361
240 0.065283
245 0.092583
250 0.127301
255 0.043280
260 0.108424
265 0.048960
270 0.070947
275 0.076564
280 0.092328
285 0.061135
290 0.035561
295 0.034187
300 0.044292
305 0.106356
310 0.089208
315 0.169392
320 0.123117
325 0.043237
330 0.058838
335 0.025399
340 0.056162
345 0.183576
350 0.015354
355 0.109820
360 0.103777
365 0.028013
370 0.017757
375 0.070511
380 0.035718
385 0.089731
390 0.038686
395 0.042564
400 0.046014
405 0.089729
410 0.015391
415 0.071102
420 0.079694
425 0.110339
430 0.047370
435 0.056484
440 0.067373
445 0.090182
450 0.080371
455 0.076677
460 0.025571
465 0.037933
470 0.040053
475 0.065756
480 0.044602
485 0.014871
490 0.037891
495 0.078081
500 0.110168
5 0.024576
10 0.077119
15 0.161514
20 0.035122
25 0.086965
30 0.019564
35 0.041198
40 0.087677
45 0.020169
50 0.041191
55 0.051631
60 0.083126
65 0.046300
70 0.032486
75 0.068903
80 0.076483
85 0.065767
90 0.057202
95 0.079076
100 0.047299
105 0.025448
110 0.019407
115 0.076120
120 0.029410
125 0.143455
130 0.038798
135 0.056433
140 0.099641
145 0.058164
150 0.104097
155 0.033058
160 0.070624
165 0.105964
170 0.096686
175 0.027514
180 0.038137
185 0.129326
190 0.044836
195 0.011318
200 0.098611
205 0.029179
210 0.037574
215 0.043159
220 0.096134
225 0.042876
230 0.070585
235 0.026728
240 0.119223
245 0.093586
250 0.031903
255 0.045296
260 0.065304
265 0.043549
270 0.020610
275 0.105006
280 0.065282
285 0.057858
290 0.076876
295 0.021320
300 0.022746
305 0.041186
310 0.024963
315 0.042145
320 0.022095
325 0.097963
330 0.051311
335 0.088765
340 0.034467
345 0.046695
350 0.058707
355 0.131313
360 0.009339
365 0.036212
370 0.018978
375 0.021313
380 0.022508
385 0.016806
390 0.035503
395 0.099724
400 0.061011
405 0.074594
410 0.077532
415 0.076447
420 0.072872
425 0.036760
430 0.040522
435 0.125155
440 0.125793
445 0.055877
450 0.031018
455 0.017421
460 0.019037
465 0.025219
470 0.017071
475 0.025577
480 0.073685
485 0.079594
490 0.012427
495 0.081961
500 0.075848
5 0.071594
10 0.068348
15 0.024008
20 0.047468
25 0.086468
30 0.147631
35 0.047346
40 0.028672
45 0.147717
50 0.031004
55 0.032785
60 0.032805
65 0.084173
70 0.064666
75 0.081439
80 0.032978
85 0.051560
90 0.034075
95 0.059812
100 0.047812
105 0.067741
110 0.034086
115 0.047925
120 0.032683
125 0.071140
130 0.022980
135 0.052494
140 0.087602
145 0.015775
150 0.031757
155 0.103065
160 0.042585
165 0.045128
170 0.076822
175 0.044891
180 0.056958
185 0.067778
190 0.033983
195 0.064495
200 0.092049
205 0.066644
210 0.025743
215 0.053618
220 0.087416
225 0.029639
230 0.037941
235 0.034345
240 0.120644
245 0.022940
250 0.104001
255 0.038505
260 0.057173
265 0.102409
270 0.025367
275 0.022626
280 0.026612
285 0.121979
290 0.092069
295 0.080556
300 0.033870
305 0.063415
310 0.126823
315 0.029428
320 0.071462
325 0.013845
330 0.033561
335 0.024150
340 0.044630
345 0.044339
350 0.080026
355 0.043290
360 0.062045
365 0.104297
370 0.062607
375 0.023971
380 0.074022
385 0.052714
390 0.024016
395 0.053474
400 0.015813
405 0.037936
410 0.029952
415 0.139428
420 0.030932
425 0.206375
430 0.118998
435 0.035344
440 0.024317
445 0.010499
450 0.060727
455 0.062757
460 0.049933
465 0.011854
470 0.056453
475 0.037850
480 0.079821
485 0.033632
490 0.068037
495 0.068176
500 0.099396
5 0.059655
10 0.014322
15 0.054926
20 0.043377
25 0.049563
30 0.016402
35 0.036695
40 0.037943
45 0.058590
50 0.067973
55 0.073968
60 0.031743
65 0.033317
70 0.030776
75 0.033217
80 0.056175
85 0.072226
90 0.011025
95 0.010951
100 0.027724
105 0.059312
110 0.022249
115 0.051579
120 0.022896
125 0.026991
130 0.013079
135 0.026244
140 0.051068
145 0.030532
150 0.030725
155 0.028809
160 0.022775
165 0.029893
170 0.028859
175 0.022476
180 0.055782
185 0.046032
190 0.065622
195 0.036655
200 0.039951
205 0.019299
210 0.021243
215 0.102477
220 0.047730
225 0.027113
230 0.052619
235 0.029106
240 0.015842
245 0.019413
250 0.052791
255 0.026440
260 0.036172
265 0.014962
270 0.017753
275 0.039221
280 0.039014
285 0.044162
290 0.064333
295 0.014727
300 0.049173
305 0.102855
310 0.048328
315 0.057797
320 0.048005
325 0.054172
330 0.045965
335 0.041673
340 0.040203
345 0.040467
350 0.047945
355 0.056838
360 0.072577
365 0.070611
370 0.026949
375 0.021431
380 0.015291
385 0.027997
390 0.049217
395 0.033890
400 0.052051
405 0.051094
410 0.048640
415 0.130282
420 0.061366
425 0.099380
430 0.012670
435 0.018017
440 0.029209
445 0.017099
450 0.020430
455 0.026514
460 0.077876
465 0.071419
470 0.035735
475 0.032442
480 0.035077
485 0.061532
490 0.038518
495 0.065904
500 0.050907
5 0.029096
10 0.024115
15 0.011082
20 0.080557
25 0.011338
30 0.016070
35 0.042399
40 0.085821
45 0.084318
50 0.025824
55 0.029800
60 0.043191
65 0.012219
70 0.031507
75 0.013918
80 0.024949
85 0.024123
90 0.033691
95 0.030041
100 0.039636
105 0.012608
110 0.052761
115 0.029667
120 0.033765
125 0.075182
130 0.025818
135 0.073450
140 0.012157
145 0.032825
150 0.020182
155 0.014536
160 0.054890
165 0.034063
170 0.048096
175 0.071925
180 0.064223
185 0.065123
190 0.037240
195 0.018618
200 0.027187
205 0.028573
210 0.015870
215 0.022617
220 0.048954
225 0.023193
230 0.055907
235 0.026111
240 0.068032
245 0.154855
250 0.032116
255 0.042952
260 0.017013
265 0.106210
270 0.069377
275 0.050657
280 0.051793
285 0.011241
290 0.023782
295 0.026684
300 0.033642
305 0.025824
310 0.105596
315 0.045549
320 0.041111
325 0.139435
330 0.054390
335 0.024991
340 0.036021
345 0.074952
350 0.038788
355 0.047997
360 0.044180
365 0.088919
370 0.036688
375 0.011703
380 0.091452
385 0.078977
390 0.057321
395 0.060614
400 0.031140
405 0.037525
410 0.062207
415 0.019278
420 0.031688
425 0.031894
430 0.033482
435 0.041079
440 0.042795
445 0.058173
450 0.030391
455 0.073072
460 0.153216
465 0.029053
470 0.042209
475 0.008707
480 0.018587
485 0.059139
490 0.061016
495 0.033760
500 0.038906
5 0.006812
10 0.014719
15 0.082283
20 0.013439
25 0.019261
30 0.016460
35 0.018400
40 0.039630
45 0.063430
50 0.007631
55 0.048379
60 0.033324
65 0.017597
70 0.053389
75 0.015097
80 0.019171
85 0.027522
90 0.014858
95 0.078844
100 0.055923
105 0.040045
110 0.021337
115 0.011582
120 0.026337
125 0.019550
130 0.026724
135 0.020651
140 0.049496
145 0.094408
150 0.038197
155 0.037996
160 0.064549
165 0.051261
170 0.025605
175 0.036623
180 0.026852
185 0.054602
190 0.085633
195 0.027244
200 0.014911
205 0.052148
210 0.068252
215 0.039575
220 0.066933
225 0.042240
230 0.097347
235 0.082661
240 0.032669
245 0.022977
250 0.029219
255 0.026735
260 0.040034
265 0.033514
270 0.030769
275 0.046215
280 0.056957
285 0.016281
290 0.031061
295 0.055654
300 0.031167
305 0.020679
310 0.022488
315 0.025286
320 0.073757
325 0.047629
330 0.073039
335 0.077081
340 0.029757
345 0.036552
350 0.031290
355 0.038405
360 0.025559
365 0.029697
370 0.034608
375 0.088719
380 0.020459
385 0.015509
390 0.078406
395 0.076259
400 0.051585
405 0.031066
410 0.045057
415 0.027968
420 0.020275
425 0.017932
430 0.081585
435 0.044624
440 0.057693
445 0.011251
450 0.020866
455 0.114082
460 0.018438
465 0.042351
470 0.094135
475 0.064674
480 0.023186
485 0.025845
490 0.009429
495 0.014441
500 0.031174
5 0.060931
10 0.011537
15 0.023025
20 0.016381
25 0.029463
30 0.035401
35 0.031967
40 0.025433
45 0.048646
50 0.010633
55 0.031851
60 0.066854
65 0.018718
70 0.023478
75 0.006525
80 0.031097
85 0.044478
90 0.103632
95 0.030559
100 0.038648
105 0.036048
110 0.017796
115 0.007548
120 0.023411
125 0.011761
130 0.046738
135 0.017686
140 0.031610
145 0.008775
150 0.033826
155 0.057597
160 0.011444
165 0.049273
170 0.012460
175 0.067697
180 0.008244
185 0.029320
190 0.021242
195 0.059571
200 0.024410
205 0.021350
210 0.021796
215 0.045771
220 0.021841
225 0.040068
230 0.030683
235 0.012400
240 0.037185
245 0.041061
250 0.023017
255 0.026932
260 0.076300
265 0.073938
270 0.049312
275 0.029955
280 0.061532
285 0.024232
290 0.014849
295 0.015173
300 0.087296
305 0.019210
310 0.032346
315 0.024885
320 0.068578
325 0.015550
330 0.095031
335 0.050345
340 0.025900
345 0.014066
350 0.031404
355 0.052348
360 0.051994
365 0.036518
370 0.032057
375 0.045561
380 0.054156
385 0.036976
390 0.111792
395 0.024835
400 0.098263
405 0.015731
410 0.018066
415 0.021330
420 0.019974
425 0.064601
430 0.067010
435 0.065684
440 0.064502
445 0.087953
450 0.040725
455 0.024545
460 0.024909
465 0.009946
470 0.026055
475 0.030635
480 0.018352
485 0.026188
490 0.020264
495 0.022995
500 0.033093
5 0.003454
10 0.021585
15 0.015385
20 0.027776
25 0.069248
30 0.037664
35 0.026428
40 0.010869
45 0.077543
50 0.006805
55 0.021599
60 0.057848
65 0.018434
70 0.006047
75 0.052175
80 0.012969
85 0.028221
90 0.030291
95 0.006798
100 0.103929
105 0.032378
110 0.010010
115 0.005972
120 0.018758
125 0.021055
130 0.017073
135 0.026996
140 0.072743
145 0.015457
150 0.033460
155 0.041589
160 0.014956
165 0.072521
170 0.017666
175 0.030814
180 0.013759
185 0.036434
190 0.012211
195 0.081701
200 0.023141
205 0.056900
210 0.014953
215 0.034343
220 0.006307
225 0.005898
230 0.071272
235 0.041783
240 0.016369
245 0.035537
250 0.019101
255 0.036685
260 0.038781
265 0.008565
270 0.013343
275 0.011978
280 0.012237
285 0.035922
290 0.029199
295 0.051171
300 0.033449
305 0.064662
310 0.092950
315 0.043777
320 0.084268
325 0.017492
330 0.005450
335 0.011456
340 0.018611
345 0.019792
350 0.018681
355 0.015913
360 0.143694
365 0.006428
370 0.009859
375 0.005281
380 0.004404
385 0.034250
390 0.076545
395 0.009138
400 0.040178
405 0.062812
410 0.015065
415 0.035369
420 0.004672
425 0.006337
430 0.011362
435 0.017366
440 0.008964
445 0.021766
450 0.035489
455 0.034644
460 0.011026
465 0.032790
470 0.016773
475 0.027780
480 0.026247
485 0.020952
490 0.027941
495 0.036988
500 0.014041
5 0.012104
10 0.032782
15 0.029256
20 0.014350
25 0.015372
30 0.019090
35 0.033711
40 0.005970
45 0.020574
50 0.016077
55 0.017381
60 0.027386
65 0.036034
70 0.015446
75 0.066032
80 0.025006
85 0.008950
90 0.024001
95 0.006024
100 0.024448
105 0.028722
110 0.013704
115 0.016164
120 0.012386
125 0.046841
130 0.021074
135 0.037378
140 0.051020
145 0.030163
150 0.053506
155 0.049904
160 0.057988
165 0.055439
170 0.040821
175 0.021733
180 0.013965
185 0.024099
190 0.104706
195 0.024768
200 0.034249
205 0.048740
210 0.049994
215 0.035069
220 0.013802
225 0.013013
230 0.034472
235 0.015411
240 0.028908
245 0.051973
250 0.045727
255 0.066948
260 0.025338
265 0.010315
270 0.012193
275 0.027393
280 0.029214
285 0.013729
290 0.067769
295 0.024455
300 0.015170
305 0.022856
310 0.028145
315 0.060168
320 0.107498
325 0.023537
330 0.039280
335 0.009827
340 0.027440
345 0.035479
350 0.020994
355 0.025548
360 0.004327
365 0.019485
370 0.025321
375 0.020203
380 0.009481
385 0.011305
390 0.012773
395 0.057693
400 0.047173
405 0.070034
410 0.044491
415 0.009791
420 0.010558
425 0.128661
430 0.037298
435 0.048020
440 0.026551
445 0.030190
450 0.041377
455 0.047138
460 0.012306
465 0.015554
470 0.031319
475 0.018294
480 0.050432
485 0.029077
490 0.014999
495 0.029427
500 0.080836
5 0.015852
10 0.092739
15 0.020436
20 0.013773
25 0.022834
30 0.013385
35 0.016444
40 0.036050
45 0.018901
50 0.024874
55 0.053961
60 0.009651
65 0.041536
70 0.044352
75 0.009397
80 0.013324
85 0.024360
90 0.013228
95 0.123944
100 0.035608
105 0.036494
110 0.074080
115 0.020283
120 0.009362
125 0.049829
130 0.035626
135 0.006883
140 0.011150
145 0.019713
150 0.087607
155 0.052958
160 0.022936
165 0.033742
170 0.017011
175 0.057811
180 0.028437
185 0.011645
190 0.013092
195 0.008063
200 0.040551
205 0.029090
210 0.027325
215 0.106502
220 0.029582
225 0.038360
230 0.026875
235 0.028329
240 0.060894
245 0.058139
250 0.010814
255 0.039407
260 0.067514
265 0.014539
270 0.026185
275 0.027208
280 0.024974
285 0.018441
290 0.019473
295 0.032152
300 0.015168
305 0.019516
310 0.035656
315 0.029189
320 0.023309
325 0.009241
330 0.034991
335 0.069488
340 0.036788
345 0.031492
350 0.107205
355 0.005055
360 0.019234
365 0.033460
370 0.017423
375 0.006621
380 0.040174
385 0.029516
390 0.025165
395 0.041711
400 0.142351
405 0.127358
410 0.065104
415 0.029911
420 0.047986
425 0.064499
430 0.035756
435 0.045920
440 0.038774
445 0.011270
450 0.001743
455 0.031068
460 0.003246
465 0.023489
470 0.037456
475 0.022541
480 0.050705
485 0.030939
490 0.005179
495 0.042932
500 0.058511
5 0.024775
10 0.032301
15 0.063733
20 0.009244
25 0.025995
30 0.057309
35 0.023079
40 0.025008
45 0.011862
50 0.015162
55 0.022295
60 0.003478
65 0.023190
70 0.064871
75 0.019765
80 0.032185
85 0.020865
90 0.015002
95 0.014232
100 0.091809
105 0.021267
110 0.011463
115 0.059189
120 0.030281
125 0.020772
130 0.049631
135 0.041513
140 0.039645
145 0.039986
150 0.013244
155 0.048440
160 0.008838
165 0.007133
170 0.037446
175 0.029396
180 0.043215
185 0.009779
190 0.020859
195 0.013763
200 0.021724
205 0.025428
210 0.005430
215 0.020464
220 0.013044
225 0.011663
230 0.058995
235 0.046712
240 0.017057
245 0.023145
250 0.044328
255 0.023768
260 0.026622
265 0.013485
270 0.014003
275 0.006815
280 0.032171
285 0.045383
290 0.012729
295 0.032058
300 0.016608
305 0.010575
310 0.030511
315 0.024628
320 0.045147
325 0.023025
330 0.018363
335 0.032812
340 0.012131
345 0.018368
350 0.140590
355 0.017935
360 0.018807
365 0.006145
370 0.017608
375 0.048098
380 0.044227
385 0.021584
390 0.010822
395 0.013505
400 0.008409
405 0.051665
410 0.015183
415 0.120904
420 0.011123
425 0.016076
430 0.005889
435 0.007531
440 0.029952
445 0.024033
450 0.028002
455 0.159048
460 0.048302
465 0.216901
470 0.021688
475 0.034383
480 0.003869
485 0.023382
490 0.032238
495 0.043070
500 0.021101
5 0.016216
10 0.013220
15 0.049294
20 0.040459
25 0.013186
30 0.045138
35 0.023661
40 0.026810
45 0.020974
50 0.032693
55 0.052748
60 0.014032
65 0.053845
70 0.017747
75 0.019110
80 0.055856
85 0.050057
90 0.040962
95 0.011727
100 0.011429
105 0.061983
110 0.007756
115 0.013444
120 0.012313
125 0.017685
130 0.023736
135 0.031693
140 0.082972
145 0.024770
150 0.017998
155 0.004354
160 0.039526
165 0.062899
170 0.052018
175 0.003201
180 0.031558
185 0.017681
190 0.014187
195 0.038819
200 0.060397
205 0.009986
210 0.037896
215 0.033988
220 0.008649
225 0.017034
230 0.004526
235 0.049269
240 0.045505
245 0.005684
250 0.006841
255 0.021329
260 0.046180
265 0.005668
270 0.003990
275 0.048426
280 0.017979
285 0.023332
290 0.011044
295 0.004278
300 0.041292
305 0.017648
310 0.041239
315 0.038582
320 0.007739
325 0.060034
330 0.019393
335 0.015349
340 0.011751
345 0.010722
350 0.009202
355 0.017873
360 0.022340
365 0.025687
370 0.032005
375 0.013431
380 0.015084
385 0.010981
390 0.011635
395 0.015785
400 0.061951
405 0.009371
410 0.020440
415 0.082407
420 0.036699
425 0.082103
430 0.016166
435 0.031879
440 0.043838
445 0.006005
450 0.033948
455 0.038994
460 0.018977
465 0.014911
470 0.006119
475 0.017111
480 0.023651
485 0.020717
490 0.022566
495 0.019440
500 0.056536
5 0.006416
10 0.008988
15 0.016048
20 0.037455
25 0.038905
30 0.040373
35 0.011901
40 0.004861
45 0.013843
50 0.016514
55 0.009174
60 0.006428
65 0.014489
70 0.023327
75 0.025021
80 0.014537
85 0.010770
90 0.019592
95 0.014628
100 0.023766
105 0.012459
110 0.008784
115 0.007210
120 0.011791
125 0.010983
130 0.018106
135 0.010318
140 0.074381
145 0.012094
150 0.007608
155 0.045323
160 0.033756
165 0.023172
170 0.039959
175 0.047474
180 0.018481
185 0.041788
190 0.035049
195 0.012634
200 0.042690
205 0.014842
210 0.003498
215 0.017280
220 0.022927
225 0.018450
230 0.016719
235 0.018816
240 0.024877
245 0.042682
250 0.003469
255 0.021819
260 0.034484
265 0.038586
270 0.026693
275 0.030152
280 0.033822
285 0.019377
290 0.035523
295 0.065264
300 0.012233
305 0.043983
310 0.012950
315 0.072458
320 0.069966
325 0.068116
330 0.008320
335 0.019596
340 0.034912
345 0.012821
350 0.040337
355 0.006595
360 0.006389
365 0.002855
370 0.036925
375 0.018553
380 0.041732
385 0.002611
390 0.034420
395 0.018719
400 0.026283
405 0.009291
410 0.046752
415 0.009609
420 0.014672
425 0.017146
430 0.006021
435 0.011823
440 0.022530
445 0.031637
450 0.020523
455 0.021964
460 0.009870
465 0.067844
470 0.007931
475 0.031815
480 0.090758
485 0.027537
490 0.036923
495 0.012426
500 0.022989
5 0.034819
10 0.014823
15 0.019039
20 0.009355
25 0.038757
30 0.008100
35 0.020310
40 0.023676
45 0.037101
50 0.022828
55 0.008243
60 0.011502
65 0.035379
70 0.038452
75 0.053710
80 0.122352
85 0.013783
90 0.038034
95 0.013075
100 0.003570
105 0.018030
110 0.009659
115 0.004881
120 0.015084
125 0.012651
130 0.026744
135 0.006923
140 0.025141
145 0.044622
150 0.010622
155 0.009297
160 0.038987
165 0.037070
170 0.022206
175 0.065923
180 0.003451
185 0.004786
190 0.013924
195 0.043725
200 0.013463
205 0.046917
210 0.011475
215 0.006460
220 0.045866
225 0.017200
230 0.004872
235 0.013682
240 0.015903
245 0.029324
250 0.005878
255 0.024572
260 0.005478
265 0.069274
270 0.007428
275 0.047486
280 0.007970
285 0.036456
290 0.012870
295 0.013903
300 0.004728
305 0.048580
310 0.022855
315 0.019480
320 0.011788
325 0.007075
330 0.023441
335 0.030399
340 0.005221
345 0.019690
350 0.037356
355 0.026595
360 0.016013
365 0.014258
370 0.009617
375 0.006960
380 0.014785
385 0.016964
390 0.018562
395 0.030739
400 0.069638
405 0.036154
410 0.023940
415 0.023565
420 0.021343
425 0.054597
430 0.047248
435 0.015290
440 0.011272
445 0.014494
450 0.005771
455 0.021197
460 0.013354
465 0.031964
470 0.067931
475 0.012488
480 0.016269
485 0.036336
490 0.014037
495 0.011610
500 0.029628
5 0.030303
10 0.010928
15 0.005257
20 0.021717
25 0.003926
30 0.037887
35 0.016202
40 0.015465
45 0.006986
50 0.038680
55 0.071629
60 0.005393
65 0.012924
70 0.004630
75 0.011274
80 0.007601
85 0.018716
90 0.021225
95 0.037966
100 0.029528
105 0.014656
110 0.009115
115 0.016362
120 0.078423
125 0.016346
130 0.009509
135 0.008859
140 0.017105
145 0.041862
150 0.040553
155 0.006312
160 0.033453
165 0.005601
170 0.030832
175 0.021991
180 0.003416
185 0.024519
190 0.028204
195 0.029928
200 0.013899
205 0.074734
210 0.006312
215 0.009831
220 0.005509
225 0.045454
230 0.005477
235 0.032637
240 0.018388
245 0.026676
250 0.014930
255 0.028672
260 0.013334
265 0.004343
270 0.003006
275 0.012846
280 0.048854
285 0.006816
290 0.036015
295 0.030016
300 0.075628
305 0.010381
310 0.006177
315 0.027615
320 0.029346
325 0.040282
330 0.036187
335 0.007530
340 0.007135
345 0.004367
350 0.026547
355 0.025782
360 0.036063
365 0.009552
370 0.033409
375 0.017559
380 0.026772
385 0.016203
390 0.016627
395 0.039657
400 0.019551
405 0.034137
410 0.018044
415 0.026625
420 0.026883
425 0.019603
430 0.038043
435 0.007956
440 0.042891
445 0.009719
450 0.051137
455 0.018291
460 0.013978
465 0.021963
470 0.011259
475 0.017093
480 0.055219
485 0.016311
490 0.025664
495 0.014951
500 0.034953
5 0.023303
10 0.039693
15 0.042300
20 0.009480
25 0.005256
30 0.012286
35 0.013845
40 0.010953
45 0.038545
50 0.008967
55 0.040878
60 0.021076
65 0.032253
70 0.038136
75 0.020424
80 0.026324
85 0.026582
90 0.003521
95 0.011394
100 0.038051
105 0.043188
110 0.009200
115 0.005563
120 0.003310
125 0.004253
130 0.005642
135 0.008384
140 0.014192
145 0.003281
150 0.011777
155 0.001836
160 0.027962
165 0.006651
170 0.028202
175 0.038083
180 0.017267
185 0.012496
190 0.010005
195 0.017555
200 0.010437
205 0.005645
210 0.014602
215 0.013827
220 0.017444
225 0.005449
230 0.014662
235 0.011478
240 0.003846
245 0.020378
250 0.007359
255 0.038160
260 0.015285
265 0.020712
270 0.008749
275 0.013343
280 0.035759
285 0.052501
290 0.014323
295 0.002866
300 0.007688
305 0.015992
310 0.015565
315 0.039399
320 0.007809
325 0.007864
330 0.022786
335 0.038028
340 0.004957
345 0.058330
350 0.007594
355 0.007846
360 0.020770
365 0.051211
370 0.005397
375 0.017940
380 0.023677
385 0.048126
390 0.010858
395 0.078394
400 0.023640
405 0.009640
410 0.043436
415 0.012829
420 0.003805
425 0.015473
430 0.012712
435 0.042496
440 0.024252
445 0.012087
450 0.010560
455 0.010020
460 0.056489
465 0.007555
470 0.015377
475 0.006917
480 0.006545
485 0.009827
490 0.017756
495 0.038426
500 0.019479
5 0.014379
10 0.023424
15 0.010003
20 0.043936
25 0.072282
30 0.044052
35 0.020453
40 0.017940
45 0.004805
50 0.006944
55 0.030364
60 0.003532
65 0.009243
70 0.015996
75 0.009674
80 0.007525
85 0.037070
90 0.051806
95 0.006841
100 0.003030
105 0.019073
110 0.004748
115 0.007424
120 0.041443
125 0.003855
130 0.012868
135 0.018862
140 0.022910
145 0.018796
150 0.004006
155 0.011953
160 0.039465
165 0.020058
170 0.041279
175 0.002519
180 0.009902
185 0.008414
190 0.023058
195 0.009075
200 0.033321
205 0.018301
210 0.003615
215 0.012204
220 0.009892
225 0.031993
230 0.022272
235 0.008525
240 0.022059
245 0.043305
250 0.007437
255 0.016177
260 0.019489
265 0.026394
270 0.028717
275 0.008459
280 0.021143
285 0.030937
290 0.074997
295 0.009155
300 0.056787
305 0.017575
310 0.027439
315 0.016123
320 0.011820
325 0.013514
330 0.026882
335 0.006759
340 0.013255
345 0.021858
350 0.032924
355 0.010774
360 0.011640
365 0.078706
370 0.020981
375 0.030383
380 0.030485
385 0.023999
390 0.014421
395 0.044058
400 0.008293
405 0.038375
410 0.026152
415 0.015635
420 0.009489
425 0.003032
430 0.059765
435 0.005209
440 0.002115
445 0.007481
450 0.065081
455 0.013183
460 0.023995
465 0.008258
470 0.058465
475 0.064006
480 0.075248
485 0.005946
490 0.036331
495 0.018015
500 0.006483
5 0.001673
10 0.013312
15 0.030541
20 0.003794
25 0.009864
30 0.020659
35 0.014097
40 0.023784
45 0.004364
50 0.008181
55 0.011722
60 0.026532
65 0.005234
70 0.009653
75 0.010495
80 0.014350
85 0.021345
90 0.033059
95 0.023383
100 0.026512
105 0.002212
110 0.006679
115 0.011332
120 0.010083
125 0.014129
130 0.008258
135 0.002870
140 0.003203
145 0.011132
150 0.011225
155 0.026868
160 0.007348
165 0.014206
170 0.002681
175 0.025052
180 0.032244
185 0.022476
190 0.006362
195 0.016763
200 0.012608
205 0.020900
210 0.014295
215 0.017229
220 0.015918
225 0.002964
230 0.022733
235 0.040863
240 0.027509
245 0.013559
250 0.017329
255 0.007608
260 0.050414
265 0.002231
270 0.011415
275 0.008265
280 0.023052
285 0.011042
290 0.002906
295 0.003688
300 0.018887
305 0.040341
310 0.009885
315 0.010825
320 0.012177
325 0.041676
330 0.012512
335 0.024092
340 0.004173
345 0.005482
350 0.004647
355 0.020271
360 0.027607
365 0.012614
370 0.011187
375 0.049515
380 0.022768
385 0.012110
390 0.010283
395 0.003609
400 0.046918
405 0.010512
410 0.019625
415 0.013875
420 0.032440
425 0.026545
430 0.010072
435 0.008989
440 0.013521
445 0.014320
450 0.008765
455 0.012653
460 0.019877
465 0.037093
470 0.020188
475 0.007219
480 0.011317
485 0.014187
490 0.052700
495 0.051561
500 0.007790
5 0.029604
10 0.002976
15 0.015450
20 0.009346
25 0.032496
30 0.015848
35 0.006968
40 0.003798
45 0.038924
50 0.160183
55 0.003181
60 0.031650
65 0.006928
70 0.019718
75 0.012450
80 0.004025
85 0.012463
90 0.006478
95 0.010400
100 0.039741
105 0.006861
110 0.066298
115 0.008234
120 0.002155
125 0.009699
130 0.010576
135 0.009850
140 0.004753
145 0.024911
150 0.011797
155 0.007736
160 0.002194
165 0.006544
170 0.009675
175 0.025222
180 0.007496
185 0.027389
190 0.013574
195 0.011287
200 0.005768
205 0.002381
210 0.020875
215 0.006342
220 0.026785
225 0.019664
230 0.004370
235 0.009321
240 0.003790
245 0.040581
250 0.007815
255 0.092234
260 0.015695
265 0.005590
270 0.004183
275 0.010594
280 0.007164
285 0.008038
290 0.018508
295 0.011151
300 0.011216
305 0.005581
310 0.007060
315 0.008835
320 0.004425
325 0.017637
330 0.017106
335 0.014456
340 0.045397
345 0.020532
350 0.064967
355 0.007464
360 0.036715
365 0.010562
370 0.034821
375 0.049508
380 0.020832
385 0.013086
390 0.006591
395 0.016126
400 0.033926
405 0.029406
410 0.023191
415 0.033316
420 0.031205
425 0.080051
430 0.007507
435 0.005371
440 0.009901
445 0.023725
450 0.027446
455 0.008401
460 0.001881
465 0.018845
470 0.006835
475 0.005658
480 0.055218
485 0.009779
490 0.016900
495 0.005063
500 0.013914
5 0.016313
10 0.032758
15 0.014588
20 0.025357
25 0.041369
30 0.002935
35 0.034192
40 0.018889
45 0.006098
50 0.018735
55 0.011877
60 0.021321
65 0.006902
70 0.006666
75 0.011315
80 0.007450
85 0.001089
90 0.011375
95 0.014582
100 0.003732
105 0.005415
110 0.027464
115 0.052419
120 0.011125
125 0.004665
130 0.011354
135 0.015574
140 0.015147
145 0.037130
150 0.007085
155 0.003320
160 0.005682
165 0.006514
170 0.009061
175 0.003131
180 0.010353
185 0.007021
190 0.025469
195 0.002847
200 0.003629
205 0.010330
210 0.006808
215 0.011317
220 0.078577
225 0.016078
230 0.002896
235 0.011524
240 0.018233
245 0.003605
250 0.001057
255 0.006368
260 0.027758
265 0.001242
270 0.013111
275 0.005778
280 0.012371
285 0.006089
290 0.013952
295 0.033203
300 0.004288
305 0.018309
310 0.002608
315 0.011545
320 0.068783
325 0.009765
330 0.003393
335 0.016657
340 0.010283
345 0.021672
350 0.005385
355 0.007946
360 0.023419
365 0.012606
370 0.009273
375 0.004512
380 0.009231
385 0.003408
390 0.015940
395 0.010692
400 0.051892
405 0.011326
410 0.013292
415 0.003598
420 0.019489
425 0.007762
430 0.026691
435 0.007678
440 0.016910
445 0.018597
450 0.009726
455 0.019836
460 0.014191
465 0.028835
470 0.006651
475 0.013133
480 0.003381
485 0.012674
490 0.011675
495 0.005232
500 0.003591
5 0.004889
10 0.035828
15 0.001297
20 0.002738
25 0.006619
30 0.004385
35 0.001438
40 0.002545
45 0.003902
50 0.021909
55 0.016740
60 0.008305
65 0.003267
70 0.011458
75 0.028896
80 0.010680
85 0.018456
90 0.002028
95 0.007714
100 0.003976
105 0.004051
110 0.004761
115 0.003656
120 0.011084
125 0.003606
130 0.001553
135 0.002371
140 0.002244
145 0.021712
150 0.006575
155 0.004476
160 0.003350
165 0.003247
170 0.008832
175 0.016135
180 0.014739
185 0.028932
190 0.011655
195 0.042428
200 0.002938
205 0.039143
210 0.006295
215 0.003613
220 0.016832
225 0.022461
230 0.011700
235 0.042534
240 0.015447
245 0.061907
250 0.000763
255 0.022470
260 0.037877
265 0.013316
270 0.018558
275 0.037362
280 0.003058
285 0.016594
290 0.015132
295 0.023451
300 0.022522
305 0.030887
310 0.005820
315 0.053510
320 0.001855
325 0.015331
330 0.009103
335 0.036473
340 0.012325
345 0.006012
350 0.036283
355 0.034999
360 0.018922
365 0.015661
370 0.018492
375 0.029595
380 0.027271
385 0.009100
390 0.004325
395 0.065847
400 0.009943
405 0.005117
410 0.072114
415 0.012842
420 0.013763
425 0.021055
430 0.020371
435 0.031005
440 0.036921
445 0.008299
450 0.024404
455 0.005488
460 0.003336
465 0.003619
470 0.011383
475 0.014981
480 0.019239
485 0.013685
490 0.008971
495 0.005673
500 0.021564
5 0.008291
10 0.020395
15 0.005563
20 0.013559
25 0.006600
30 0.017645
35 0.011286
40 0.009112
45 0.012484
50 0.009762
55 0.030732
60 0.002532
65 0.004623
70 0.022680
75 0.021668
80 0.001953
85 0.026465
90 0.007158
95 0.018141
100 0.013889
105 0.034758
110 0.008590
115 0.009964
120 0.002838
125 0.045134
130 0.029342
135 0.002833
140 0.007568
145 0.041569
150 0.008716
155 0.006988
160 0.010967
165 0.003479
170 0.007318
175 0.012240
180 0.003262
185 0.002407
190 0.012265
195 0.011443
200 0.033630
205 0.029069
210 0.025556
215 0.014794
220 0.011746
225 0.006742
230 0.025045
235 0.012826
240 0.015034
245 0.003830
250 0.060090
255 0.002992
260 0.015189
265 0.012294
270 0.002782
275 0.003261
280 0.034857
285 0.002262
290 0.026410
295 0.011880
300 0.004877
305 0.004900
310 0.020145
315 0.002595
320 0.004752
325 0.010387
330 0.010502
335 0.016258
340 0.017195
345 0.009800
350 0.003175
355 0.015471
360 0.012002
365 0.004965
370 0.002288
375 0.026755
380 0.010779
385 0.012165
390 0.006426
395 0.016804
400 0.011630
405 0.011497
410 0.006189
415 0.016495
420 0.013562
425 0.037035
430 0.006065
435 0.002830
440 0.013705
445 0.006101
450 0.001192
455 0.005617
460 0.020216
465 0.032322
470 0.018294
475 0.033611
480 0.004053
485 0.008641
490 0.031596
495 0.012579
500 0.021847
5 0.023147
10 0.008007
15 0.020654
20 0.018194
25 0.011038
30 0.046907
35 0.004196
40 0.037219
45 0.024642
50 0.004389
55 0.003723
60 0.003217
65 0.008788
70 0.007089
75 0.005503
80 0.017375
85 0.004602
90 0.002821
95 0.001791
100 0.020412
105 0.022029
110 0.026379
115 0.003334
120 0.004953
125 0.036246
130 0.026669
135 0.009523
140 0.006661
145 0.013887
150 0.006876
155 0.003727
160 0.022395
165 0.008830
170 0.011411
175 0.005348
180 0.011329
185 0.004377
190 0.008186
195 0.012673
200 0.043121
205 0.018703
210 0.028976
215 0.027209
220 0.009671
225 0.002744
230 0.024484
235 0.006792
240 0.009789
245 0.059304
250 0.007314
255 0.001663
260 0.012149
265 0.053167
270 0.007403
275 0.004967
280 0.022014
285 0.016237
290 0.002709
295 0.014244
300 0.017808
305 0.021526
310 0.010141
315 0.006281
320 0.007005
325 0.014000
330 0.007690
335 0.029128
340 0.037110
345 0.019769
350 0.005820
355 0.008437
360 0.005844
365 0.003375
370 0.002312
375 0.009127
380 0.004037
385 0.016396
390 0.005997
395 0.013137
400 0.016477
405 0.007132
410 0.003774
415 0.022950
420 0.026404
425 0.004384
430 0.028999
435 0.007957
440 0.004706
445 0.019680
450 0.055429
455 0.005687
460 0.016813
465 0.022397
470 0.012647
475 0.027379
480 0.003934
485 0.003478
490 0.021729
495 0.009943
500 0.003206
5 0.008430
10 0.005350
15 0.009247
20 0.015832
25 0.001609
30 0.002994
35 0.015666
40 0.012949
45 0.008813
50 0.005884
55 0.009057
60 0.016207
65 0.012920
70 0.004971
75 0.004343
80 0.005317
85 0.001162
90 0.007267
95 0.022524
100 0.026674
105 0.031703
110 0.009675
115 0.002525
120 0.005069
125 0.013977
130 0.067663
135 0.032337
140 0.002072
145 0.002300
150 0.055787
155 0.009803
160 0.001228
165 0.001217
170 0.018392
175 0.016931
180 0.001088
185 0.002641
190 0.031090
195 0.007936
200 0.056304
205 0.006163
210 0.009677
215 0.025497
220 0.010112
225 0.020343
230 0.031304
235 0.005553
240 0.001601
245 0.024446
250 0.003898
255 0.058705
260 0.006812
265 0.005342
270 0.018615
275 0.005876
280 0.030498
285 0.020478
290 0.001759
295 0.024374
300 0.003885
305 0.005529
310 0.001680
315 0.021735
320 0.002527
325 0.003209
330 0.060215
335 0.007314
340 0.007690
345 0.015249
350 0.042201
355 0.011840
360 0.042354
365 0.005441
370 0.011477
375 0.039024
380 0.016566
385 0.037247
390 0.026528
395 0.035536
400 0.013784
405 0.010791
410 0.005520
415 0.017173
420 0.021420
425 0.011689
430 0.011628
435 0.022031
440 0.004682
445 0.010040
450 0.005889
455 0.002590
460 0.001910
465 0.020038
470 0.011312
475 0.011858
480 0.003894
485 0.024888
490 0.058179
495 0.017807
500 0.024355
5 0.007254
10 0.009654
15 0.049088
20 0.004354
25 0.006980
30 0.016854
35 0.021435
40 0.029233
45 0.012268
50 0.009979
55 0.006787
60 0.027971
65 0.001499
70 0.003599
75 0.005584
80 0.000215
85 0.011348
90 0.020687
95 0.004135
100 0.000826
105 0.001814
110 0.004968
115 0.017169
120 0.008616
125 0.006179
130 0.006620
135 0.005294
140 0.003609
145 0.002490
150 0.019166
155 0.030788
160 0.008486
165 0.007951
170 0.003951
175 0.012396
180 0.004594
185 0.023924
190 0.015809
195 0.009924
200 0.004652
205 0.010122
210 0.011699
215 0.010468
220 0.009397
225 0.020337
230 0.037026
235 0.005996
240 0.003421
245 0.003173
250 0.004691
255 0.006261
260 0.020950
265 0.002817
270 0.011727
275 0.003237
280 0.027822
285 0.002471
290 0.002753
295 0.003652
300 0.004793
305 0.001370
310 0.022663
315 0.009010
320 0.003995
325 0.004910
330 0.002330
335 0.011593
340 0.002591
345 0.003467
350 0.003317
355 0.006584
360 0.008631
365 0.015717
370 0.002896
375 0.000609
380 0.004021
385 0.025650
390 0.001725
395 0.038399
400 0.007336
405 0.002787
410 0.018013
415 0.022193
420 0.005760
425 0.012947
430 0.021647
435 0.003383
440 0.046171
445 0.021926
450 0.005000
455 0.021694
460 0.016047
465 0.005852
470 0.002810
475 0.006370
480 0.009579
485 0.008926
490 0.007138
495 0.000440
500 0.004410
5 0.028955
10 0.004175
15 0.003073
20 0.006464
25 0.007370
30 0.003199
35 0.009456
40 0.003045
45 0.014598
50 0.048441
55 0.003848
60 0.023137
65 0.002841
70 0.012786
75 0.017605
80 0.002729
85 0.016158
90 0.003429
95 0.004871
100 0.010033
105 0.015300
110 0.004383
115 0.023313
120 0.008812
125 0.019657
130 0.000941
135 0.005239
140 0.005622
145 0.005112
150 0.006267
155 0.002703
160 0.017590
165 0.005630
170 0.013275
175 0.006911
180 0.002734
185 0.004719
190 0.004293
195 0.003738
200 0.011787
205 0.001939
210 0.001667
215 0.005139
220 0.011848
225 0.004095
230 0.015274
235 0.001717
240 0.001253
245 0.025983
250 0.002862
255 0.008275
260 0.027439
265 0.003754
270 0.012528
275 0.002267
280 0.005094
285 0.003083
290 0.000415
295 0.019229
300 0.003277
305 0.004248
310 0.012502
315 0.000702
320 0.001076
325 0.027140
330 0.004636
335 0.026109
340 0.002743
345 0.008655
350 0.010452
355 0.001194
360 0.002204
365 0.004790
370 0.047167
375 0.019464
380 0.003874
385 0.015876
390 0.017024
395 0.027422
400 0.020610
405 0.002930
410 0.010731
415 0.013476
420 0.000718
425 0.002420
430 0.001230
435 0.003556
440 0.012850
445 0.005766
450 0.003558
455 0.015847
460 0.004034
465 0.060943
470 0.029136
475 0.005956
480 0.010645
485 0.006647
490 0.011299
495 0.010557
500 0.005781
5 0.006565
10 0.005515
15 0.003493
20 0.000702
25 0.001957
30 0.000956
35 0.007643
40 0.007463
45 0.022410
50 0.011965
55 0.023717
60 0.004570
65 0.013620
70 0.000630
75 0.016271
80 0.004922
85 0.001478
90 0.001812
95 0.017395
100 0.009483
105 0.003966
110 0.001388
115 0.016108
120 0.005038
125 0.004275
130 0.002394
135 0.004487
140 0.008627
145 0.008692
150 0.001828
155 0.004130
160 0.004928
165 0.001330
170 0.001085
175 0.002717
180 0.019777
185 0.002846
190 0.009097
195 0.006408
200 0.050091
205 0.002150
210 0.004913
215 0.003573
220 0.045459
225 0.005864
230 0.007582
235 0.008840
240 0.009777
245 0.005398
250 0.009125
255 0.013503
260 0.005460
265 0.005759
270 0.002065
275 0.005503
280 0.015373
285 0.003590
290 0.008853
295 0.001499
300 0.018844
305 0.001053
310 0.005753
315 0.014354
320 0.001923
325 0.019180
330 0.003235
335 0.014012
340 0.002246
345 0.002240
350 0.021678
355 0.029989
360 0.016682
365 0.003068
370 0.009018
375 0.006771
380 0.027091
385 0.005693
390 0.002351
395 0.006256
400 0.040951
405 0.010472
410 0.003824
415 0.021772
420 0.001370
425 0.012690
430 0.012849
435 0.011430
440 0.001433
445 0.002129
450 0.021394
455 0.003710
460 0.055128
465 0.002435
470 0.006754
475 0.043454
480 0.030518
485 0.003804
490 0.033958
495 0.044781
500 0.058076
5 0.035036
10 0.013765
15 0.024297
20 0.013513
25 0.006115
30 0.023868
35 0.012361
40 0.005757
45 0.007556
50 0.000570
55 0.001828
60 0.006139
65 0.011852
70 0.001224
75 0.004063
80 0.001680
85 0.000772
90 0.005622
95 0.018458
100 0.001326
105 0.002331
110 0.011536
115 0.013422
120 0.010102
125 0.002856
130 0.004432
135 0.002973
140 0.003644
145 0.008813
150 0.046284
155 0.008487
160 0.008439
165 0.008908
170 0.029579
175 0.007481
180 0.006805
185 0.001848
190 0.011273
195 0.014776
200 0.000604
205 0.010028
210 0.018654
215 0.003324
220 0.002432
225 0.004894
230 0.003101
235 0.001235
240 0.002153
245 0.005513
250 0.045896
255 0.001519
260 0.013202
265 0.021178
270 0.012640
275 0.009117
280 0.002963
285 0.041445
290 0.003787
295 0.002260
300 0.004377
305 0.036182
310 0.003848
315 0.010771
320 0.036025
325 0.058341
330 0.022149
335 0.014496
340 0.012255
345 0.047850
350 0.001548
355 0.016315
360 0.003461
365 0.045080
370 0.013881
375 0.014678
380 0.002270
385 0.024212
390 0.004549
395 0.002336
400 0.018552
405 0.013430
410 0.007626
415 0.012665
420 0.000957
425 0.008998
430 0.008506
435 0.001370
440 0.013771
445 0.037753
450 0.026487
455 0.025187
460 0.001026
465 0.002253
470 0.009630
475 0.003473
480 0.009395
485 0.012451
490 0.003247
495 0.006384
500 0.013226
5 0.003967
10 0.012221
15 0.004403
20 0.002146
25 0.018004
30 0.002886
35 0.004351
40 0.022390
45 0.009065
50 0.000981
55 0.002342
60 0.002353
65 0.001404
70 0.006085
75 0.007082
80 0.012995
85 0.011179
90 0.005354
95 0.001971
100 0.013329
105 0.044822
110 0.008034
115 0.037086
120 0.027282
125 0.012081
130 0.047345
135 0.026232
140 0.007177
145 0.002663
150 0.006466
155 0.006929
160 0.005987
165 0.002337
170 0.008557
175 0.003121
180 0.014802
185 0.014932
190 0.002165
195 0.013184
200 0.010228
205 0.001966
210 0.001847
215 0.003350
220 0.004184
225 0.004714
230 0.010641
235 0.005363
240 0.000389
245 0.001358
250 0.003059
255 0.019632
260 0.012379
265 0.001371
270 0.005634
275 0.001016
280 0.004168
285 0.003152
290 0.002375
295 0.024433
300 0.003482
305 0.001770
310 0.001366
315 0.003273
320 0.002646
325 0.002081
330 0.013626
335 0.001353
340 0.030470
345 0.003369
350 0.003854
355 0.008338
360 0.041946
365 0.011616
370 0.004463
375 0.011463
380 0.022811
385 0.006653
390 0.003685
395 0.001655
400 0.002357
405 0.017185
410 0.003426
415 0.129428
420 0.002934
425 0.003248
430 0.007511
435 0.015617
440 0.004677
445 0.015914
450 0.001540
455 0.020826
460 0.001828
465 0.010110
470 0.020843
475 0.001711
480 0.004693
485 0.006813
490 0.008996
495 0.004940
500 0.003332
5 0.003476
10 0.005171
15 0.013695
20 0.009067
25 0.006894
30 0.004535
35 0.013116
40 0.005959
45 0.022091
50 0.012093
55 0.001567
60 0.004650
65 0.003953
70 0.001709
75 0.007354
80 0.003993
85 0.003128
90 0.004327
95 0.005744
100 0.006530
105 0.012137
110 0.001989
115 0.001841
120 0.001941
125 0.019696
130 0.002240
135 0.005744
140 0.001483
145 0.023778
150 0.069857
155 0.020942
160 0.055948
165 0.012925
170 0.004296
175 0.003263
180 0.019939
185 0.012641
190 0.002524
195 0.000553
200 0.013563
205 0.009081
210 0.056182
215 0.002411
220 0.004048
225 0.008762
230 0.000554
235 0.016344
240 0.008908
245 0.009273
250 0.024000
255 0.016970
260 0.019259
265 0.017567
270 0.011213
275 0.000371
280 0.009337
285 0.003365
290 0.008130
295 0.008863
300 0.013008
305 0.033295
310 0.002505
315 0.007487
320 0.015260
325 0.004037
330 0.017119
335 0.002010
340 0.006758
345 0.004885
350 0.051746
355 0.002048
360 0.005867
365 0.008668
370 0.025943
375 0.025671
380 0.008193
385 0.012203
390 0.000524
395 0.000897
400 0.014146
405 0.002215
410 0.015423
415 0.036056
420 0.031421
425 0.004827
430 0.014637
435 0.022359
440 0.007872
445 0.005577
450 0.004451
455 0.003098
460 0.023019
465 0.004818
470 0.017071
475 0.010429
480 0.023193
485 0.003102
490 0.004955
495 0.002984
500 0.014788
5 0.008354
10 0.009934
15 0.001945
20 0.022652
25 0.005733
30 0.021833
35 0.007505
40 0.033956
45 0.004006
50 0.039583
55 0.002833
60 0.024715
65 0.002557
70 0.002323
75 0.002858
80 0.000723
85 0.006525
90 0.004409
95 0.016018
100 0.009638
105 0.000651
110 0.001421
115 0.009527
120 0.001020
125 0.007830
130 0.005698
135 0.002093
140 0.011337
145 0.001425
150 0.059904
155 0.000661
160 0.002114
165 0.002963
170 0.000706
175 0.000776
180 0.007892
185 0.002451
190 0.007363
195 0.027198
200 0.001609
205 0.000932
210 0.004262
215 0.008218
220 0.002930
225 0.000500
230 0.003894
235 0.008427
240 0.001945
245 0.006374
250 0.003348
255 0.016556
260 0.012661
265 0.002894
270 0.011851
275 0.005025
280 0.004922
285 0.015653
290 0.014119
295 0.006670
300 0.000944
305 0.004655
310 0.001229
315 0.012824
320 0.005787
325 0.002692
330 0.017758
335 0.010051
340 0.010093
345 0.005625
350 0.001443
355 0.004364
360 0.000753
365 0.002816
370 0.002844
375 0.003083
380 0.020142
385 0.001268
390 0.014490
395 0.003027
400 0.003337
405 0.003844
410 0.006376
415 0.003466
420 0.009511
425 0.003358
430 0.001429
435 0.001732
440 0.015836
445 0.048066
450 0.031386
455 0.035353
460 0.012507
465 0.003825
470 0.023052
475 0.006844
480 0.004187
485 0.026215
490 0.001095
495 0.024968
500 0.002190
5 0.019385
10 0.013827
15 0.026316
20 0.052308
25 0.024554
30 0.058272
35 0.020035
40 0.002333
45 0.009106
50 0.005355
55 0.003924
60 0.003814
65 0.001645
70 0.020519
75 0.004401
80 0.003199
85 0.012051
90 0.004352
95 0.004985
100 0.017486
105 0.023214
110 0.053760
115 0.031380
120 0.011003
125 0.002383
130 0.017325
135 0.011895
140 0.004044
145 0.000967
150 0.004843
155 0.000999
160 0.018276
165 0.004001
170 0.001957
175 0.003435
180 0.014174
185 0.008078
190 0.003755
195 0.003187
200 0.000143
205 0.000241
210 0.019818
215 0.004255
220 0.002581
225 0.003827
230 0.002293
235 0.006913
240 0.000760
245 0.001435
250 0.000982
255 0.008548
260 0.007730
265 0.003372
270 0.002274
275 0.001723
280 0.052049
285 0.002305
290 0.001159
295 0.010646
300 0.007421
305 0.001414
310 0.002240
315 0.002618
320 0.012831
325 0.001675
330 0.001172
335 0.000831
340 0.004343
345 0.004919
350 0.005717
355 0.001299
360 0.004726
365 0.004796
370 0.002093
375 0.027953
380 0.001306
385 0.002673
390 0.007648
395 0.020200
400 0.003721
405 0.004026
410 0.004301
415 0.021607
420 0.002869
425 0.007660
430 0.009093
435 0.003899
440 0.003017
445 0.031647
450 0.002676
455 0.006821
460 0.000752
465 0.008274
470 0.016931
475 0.001412
480 0.026527
485 0.016400
490 0.010986
495 0.001871
500 0.033840
5 0.034333
10 0.012413
15 0.001153
20 0.003476
25 0.005907
30 0.002492
35 0.002207
40 0.010871
45 0.016213
50 0.001228
55 0.000826
60 0.014419
65 0.010095
70 0.002475
75 0.025579
80 0.003475
85 0.013819
90 0.000861
95 0.008662
100 0.014347
105 0.002193
110 0.007570
115 0.006427
120 0.006308
125 0.004777
130 0.007119
135 0.046868
140 0.008216
145 0.009177
150 0.000886
155 0.000293
160 0.003535
165 0.001442
170 0.012319
175 0.004860
180 0.002360
185 0.025147
190 0.002348
195 0.006792
200 0.010424
205 0.003091
210 0.004523
215 0.005175
220 0.001506
225 0.027364
230 0.004124
235 0.022812
240 0.001944
245 0.001510
250 0.010134
255 0.001649
260 0.001606
265 0.003518
270 0.002246
275 0.002844
280 0.004636
285 0.002798
290 0.014786
295 0.046187
300 0.023083
305 0.017407
310 0.001760
315 0.009430
320 0.003190
325 0.011787
330 0.029236
335 0.042394
340 0.007656
345 0.001449
350 0.000318
355 0.012937
360 0.007125
365 0.006381
370 0.010191
375 0.019654
380 0.002856
385 0.028994
390 0.008864
395 0.003849
400 0.001116
405 0.001371
410 0.008954
415 0.002421
420 0.005527
425 0.003534
430 0.002470
435 0.004491
440 0.005948
445 0.000837
450 0.006660
455 0.001999
460 0.001136
465 0.004753
470 0.003231
475 0.015217
480 0.025467
485 0.008222
490 0.000678
495 0.023746
500 0.005519
5 0.001161
10 0.005912
15 0.001703
20 0.004895
25 0.002655
30 0.005791
35 0.013467
40 0.001108
45 0.000900
50 0.009124
55 0.020932
60 0.011094
65 0.000578
70 0.006598
75 0.002624
80 0.002140
85 0.018706
90 0.022407
95 0.000692
100 0.010724
105 0.007539
110 0.005720
115 0.001441
120 0.015897
125 0.001162
130 0.013854
135 0.016310
140 0.002923
145 0.001183
150 0.002945
155 0.000417
160 0.001986
165 0.001047
170 0.002309
175 0.000817
180 0.004590
185 0.008954
190 0.001964
195 0.002509
200 0.012768
205 0.002199
210 0.000584
215 0.003813
220 0.008299
225 0.006688
230 0.002266
235 0.007630
240 0.009880
245 0.007135
250 0.006143
255 0.006049
260 0.005029
265 0.011931
270 0.010941
275 0.008171
280 0.003096
285 0.000981
290 0.013852
295 0.015799
300 0.001133
305 0.006502
310 0.001213
315 0.005302
320 0.014833
325 0.000613
330 0.009765
335 0.033779
340 0.006036
345 0.012340
350 0.042588
355 0.001843
360 0.000890
365 0.020878
370 0.009344
375 0.005905
380 0.027627
385 0.003235
390 0.002267
395 0.008865
400 0.009210
405 0.019870
410 0.023596
415 0.012440
420 0.006917
425 0.007973
430 0.043294
435 0.031325
440 0.007440
445 0.009224
450 0.008623
455 0.001218
460 0.013995
465 0.006643
470 0.047634
475 0.009893
480 0.003360
485 0.019798
490 0.011346
495 0.065664
500 0.023492
5 0.001625
10 0.003692
15 0.003299
20 0.008912
25 0.004320
30 0.003187
35 0.002905
40 0.005208
45 0.005940
50 0.003114
55 0.009059
60 0.017882
65 0.003446
70 0.016860
75 0.016306
80 0.013904
85 0.011683
90 0.004839
95 0.002475
100 0.002671
105 0.021240
110 0.006620
115 0.002288
120 0.002589
125 0.001512
130 0.000772
135 0.003386
140 0.001064
145 0.009026
150 0.019581
155 0.002673
160 0.010182
165 0.003174
170 0.004444
175 0.002939
180 0.001207
185 0.007135
190 0.003141
195 0.007881
200 0.002687
205 0.003069
210 0.000951
215 0.005510
220 0.002718
225 0.002442
230 0.012423
235 0.003368
240 0.003802
245 0.002128
250 0.000625
255 0.003852
260 0.010039
265 0.000380
270 0.002267
275 0.000517
280 0.001668
285 0.003402
290 0.000251
295 0.030059
300 0.001564
305 0.000257
310 0.000980
315 0.002934
320 0.002332
325 0.009954
330 0.000831
335 0.001366
340 0.002895
345 0.005881
350 0.002205
355 0.016430
360 0.003702
365 0.013929
370 0.006721
375 0.035640
380 0.002267
385 0.022167
390 0.009765
395 0.003880
400 0.005920
405 0.006513
410 0.019678
415 0.000567
420 0.001935
425 0.073096
430 0.026065
435 0.022979
440 0.023156
445 0.006601
450 0.024533
455 0.003912
460 0.008389
465 0.020156
470 0.025902
475 0.001555
480 0.002379
485 0.003942
490 0.007734
495 0.004814
500 0.019524
5 0.034422
10 0.011041
15 0.005310
20 0.001040
25 0.007296
30 0.001564
35 0.002382
40 0.002596
45 0.008679
50 0.036000
55 0.003354
60 0.004329
65 0.011321
70 0.003409
75 0.001547
80 0.022383
85 0.025266
90 0.015624
95 0.007924
100 0.001093
105 0.012703
110 0.003593
115 0.002941
120 0.005282
125 0.001058
130 0.000820
135 0.000391
140 0.012002
145 0.003137
150 0.005522
155 0.001680
160 0.001298
165 0.012088
170 0.002169
175 0.000568
180 0.008762
185 0.001094
190 0.003241
195 0.002667
200 0.007602
205 0.023528
210 0.000677
215 0.001395
220 0.000718
225 0.002269
230 0.007610
235 0.006421
240 0.011381
245 0.007179
250 0.004095
255 0.003081
260 0.000975
265 0.009588
270 0.020861
275 0.004622
280 0.002077
285 0.005319
290 0.013120
295 0.013614
300 0.000878
305 0.011701
310 0.010857
315 0.000379
320 0.002084
325 0.003735
330 0.001116
335 0.019558
340 0.030471
345 0.001401
350 0.001751
355 0.008720
360 0.002260
365 0.009982
370 0.004946
375 0.026596
380 0.001904
385 0.012233
390 0.003181
395 0.006876
400 0.031953
405 0.003174
410 0.014017
415 0.000576
420 0.020492
425 0.001989
430 0.004637
435 0.000515
440 0.003600
445 0.005060
450 0.008946
455 0.038460
460 0.024725
465 0.013026
470 0.005322
475 0.000754
480 0.002924
485 0.011493
490 0.004916
495 0.000653
500 0.016620
5 0.003348
10 0.002323
15 0.006336
20 0.012501
25 0.001144
30 0.001555
35 0.002627
40 0.004466
45 0.006641
50 0.001146
55 0.000288
60 0.002730
65 0.005031
70 0.001770
75 0.012216
80 0.001529
85 0.001534
90 0.006011
95 0.001603
100 0.005038
105 0.002429
110 0.003148
115 0.000859
120 0.001450
125 0.005131
130 0.008033
135 0.003770
140 0.006344
145 0.006657
150 0.000981
155 0.008405
160 0.000776
165 0.010359
170 0.002135
175 0.002841
180 0.010729
185 0.003079
190 0.001809
195 0.001939
200 0.001602
205 0.002014
210 0.001417
215 0.003280
220 0.003895
225 0.000255
230 0.000609
235 0.000299
240 0.003047
245 0.001705
250 0.001176
255 0.001663
260 0.004018
265 0.002911
270 0.000724
275 0.000502
280 0.001028
285 0.003740
290 0.000862
295 0.000688
300 0.004802
305 0.001383
310 0.003953
315 0.000746
320 0.000873
325 0.001940
330 0.000959
335 0.001556
340 0.001292
345 0.013291
350 0.000815
355 0.006091
360 0.002690
365 0.007998
370 0.002024
375 0.001406
380 0.017378
385 0.002956
390 0.003938
395 0.001255
400 0.000650
405 0.004638
410 0.002793
415 0.008287
420 0.001829
425 0.004367
430 0.001139
435 0.011344
440 0.004688
445 0.003716
450 0.008720
455 0.001222
460 0.008909
465 0.001066
470 0.014790
475 0.009740
480 0.009510
485 0.013265
490 0.017993
495 0.000386
500 0.023288
5 0.032497
10 0.000890
15 0.003533
20 0.009207
25 0.009075
30 0.003193
35 0.001463
40 0.019186
45 0.001875
50 0.000737
55 0.001937
60 0.008845
65 0.011718
70 0.007794
75 0.001612
80 0.003021
85 0.041123
90 0.010024
95 0.002899
100 0.014387
105 0.001452
110 0.001968
115 0.027539
120 0.037018
125 0.000812
130 0.020991
135 0.024222
140 0.020202
145 0.012616
150 0.009759
155 0.006731
160 0.046659
165 0.002559
170 0.004395
175 0.040411
180 0.003516
185 0.017882
190 0.016076
195 0.009319
200 0.045184
205 0.001581
210 0.031280
215 0.002514
220 0.000698
225 0.001096
230 0.044209
235 0.007225
240 0.029558
245 0.004498
250 0.019697
255 0.000520
260 0.010139
265 0.021636
270 0.001863
275 0.003224
280 0.012044
285 0.005192
290 0.006863
295 0.000496
300 0.007351
305 0.005124
310 0.053041
315 0.002714
320 0.004985
325 0.002607
330 0.001019
335 0.003091
340 0.009517
345 0.010519
350 0.002760
355 0.005494
360 0.002915
365 0.001879
370 0.021706
375 0.007318
380 0.049513
385 0.037409
390 0.032245
395 0.016048
400 0.003905
405 0.012246
410 0.028897
415 0.009541
420 0.004475
425 0.018085
430 0.005624
435 0.000329
440 0.004012
445 0.000343
450 0.001724
455 0.005908
460 0.001042
465 0.012271
470 0.002013
475 0.003660
480 0.012731
485 0.003448
490 0.000384
495 0.000478
500 0.003036
5 0.000890
10 0.000608
15 0.064409
20 0.003682
25 0.009397
30 0.001752
35 0.000574
40 0.000275
45 0.003152
50 0.001863
55 0.004302
60 0.000542
65 0.008262
70 0.004635
75 0.012056
80 0.005497
85 0.003108
90 0.007409
95 0.005981
100 0.005984
105 0.000933
110 0.001231
115 0.010176
120 0.001424
125 0.002838
130 0.004948
135 0.065993
140 0.000458
145 0.002229
150 0.001135
155 0.000490
160 0.001548
165 0.005438
170 0.022378
175 0.005406
180 0.007783
185 0.020519
190 0.000724
195 0.002188
200 0.005032
205 0.004476
210 0.009220
215 0.004818
220 0.001848
225 0.007031
230 0.002080
235 0.004128
240 0.004188
245 0.000688
250 0.002476
255 0.006464
260 0.000075
265 0.000452
270 0.004842
275 0.001382
280 0.016484
285 0.006529
290 0.007338
295 0.020324
300 0.001588
305 0.001094
310 0.002472
315 0.006578
320 0.005242
325 0.001525
330 0.002857
335 0.001304
340 0.000496
345 0.004391
350 0.007438
355 0.000897
360 0.000972
365 0.011643
370 0.001951
375 0.001620
380 0.000899
385 0.009308
390 0.001595
395 0.001397
400 0.000389
405 0.005524
410 0.003101
415 0.000505
420 0.005698
425 0.003594
430 0.012372
435 0.000337
440 0.009535
445 0.000887
450 0.000921
455 0.011570
460 0.000678
465 0.000857
470 0.000783
475 0.002646
480 0.003416
485 0.002779
490 0.003713
495 0.011660
500 0.032546
