5 3.765233
10 1.303357
15 0.599010
20 0.580904
25 0.380565
30 0.476382
35 0.264312
40 0.314706
45 0.220103
50 0.368770
55 0.155216
60 0.241276
65 0.320415
70 0.350538
75 0.218792
80 0.226968
85 0.306929
90 0.273951
95 0.349698
100 0.118859
105 0.095447
110 0.416163
115 0.155319
120 0.172462
125 0.279860
130 0.318157
135 0.248885
140 0.257370
145 0.116337
150 0.112291
155 0.190608
160 0.363205
165 0.089268
170 0.147491
175 0.199434
180 0.178641
185 0.198920
190 0.046482
195 0.129943
200 0.075830
205 0.054387
210 0.359970
215 0.140652
220 0.105344
225 0.129916
230 0.041170
235 0.055603
240 0.226675
245 0.150740
250 0.074299
255 0.085477
260 0.089109
265 0.179447
270 0.027114
275 0.164316
280 0.076132
285 0.133452
290 0.117519
295 0.103237
300 0.107330
305 0.108378
310 0.084963
315 0.114788
320 0.103371
325 0.203614
330 0.017446
335 0.096770
340 0.052455
345 0.161024
350 0.089993
355 0.343992
360 0.234319
365 0.151032
370 0.082716
375 0.277811
380 0.112109
385 0.070657
390 0.093046
395 0.232750
400 0.167988
405 0.199632
410 0.070484
415 0.085000
420 0.188143
425 0.234499
430 0.154555
435 0.093459
440 0.170558
445 0.285160
450 0.109297
455 0.062166
460 0.068288
465 0.249729
470 0.072052
475 0.159777
480 0.218187
485 0.040125
490 0.382701
495 0.146006
500 0.150212
5 0.120223
10 0.054010
15 0.122800
20 0.097475
25 0.095699
30 0.134692
35 0.051899
40 0.012432
45 0.051638
50 0.034644
55 0.173463
60 0.113373
65 0.044420
70 0.037172
75 0.168844
80 0.018132
85 0.090241
90 0.037218
95 0.069826
100 0.062344
105 0.083337
110 0.050944
115 0.026419
120 0.040203
125 0.035429
130 0.083686
135 0.080581
140 0.037305
145 0.106848
150 0.106099
155 0.102317
160 0.112395
165 0.066182
170 0.065194
175 0.121972
180 0.297092
185 0.057877
190 0.106874
195 0.074907
200 0.021209
205 0.109728
210 0.088237
215 0.080576
220 0.034176
225 0.071263
230 0.054589
235 0.023572
240 0.017282
245 0.025041
250 0.058368
255 0.107356
260 0.081753
265 0.052785
270 0.050731
275 0.031615
280 0.104365
285 0.070997
290 0.155271
295 0.005678
300 0.039054
305 0.114653
310 0.071189
315 0.069531
320 0.047887
325 0.037029
330 0.108997
335 0.090300
340 0.093904
345 0.025000
350 0.047354
355 0.003460
360 0.017630
365 0.052191
370 0.042482
375 0.106971
380 0.033648
385 0.108812
390 0.005426
395 0.025336
400 0.053574
405 0.106470
410 0.079583
415 0.037925
420 0.036328
425 0.012792
430 0.022698
435 0.025946
440 0.117538
445 0.017750
450 0.023020
455 0.057802
460 0.017107
465 0.057264
470 0.173857
475 0.199603
480 0.041238
485 0.010095
490 0.017199
495 0.026904
500 0.102629
5 0.010685
10 0.060602
15 0.027153
20 0.014424
25 0.092851
30 0.025686
35 0.050375
40 0.052080
45 0.010681
50 0.154969
55 0.079176
60 0.147111
65 0.071839
70 0.047958
75 0.044657
80 0.009045
85 0.051755
90 0.008063
95 0.030843
100 0.128736
105 0.036420
110 0.122995
115 0.006603
120 0.114134
125 0.011597
130 0.031411
135 0.033619
140 0.019992
145 0.026555
150 0.042328
155 0.056889
160 0.077311
165 0.136305
170 0.018841
175 0.125939
180 0.015255
185 0.026251
190 0.088747
195 0.003830
200 0.069776
205 0.119483
210 0.176967
215 0.090287
220 0.115283
225 0.024518
230 0.005347
235 0.028035
240 0.051243
245 0.013473
250 0.030227
255 0.023942
260 0.042675
265 0.017830
270 0.092021
275 0.015039
280 0.051457
285 0.037413
290 0.010481
295 0.068637
300 0.072068
305 0.081470
310 0.094091
315 0.044652
320 0.035738
325 0.052851
330 0.070406
335 0.116493
340 0.022797
345 0.003696
350 0.120697
355 0.006965
360 0.022405
365 0.077474
370 0.049533
375 0.070900
380 0.040446
385 0.064777
390 0.017476
395 0.122083
400 0.052648
405 0.156840
410 0.063843
415 0.207782
420 0.027313
425 0.167066
430 0.131603
435 0.026619
440 0.059224
445 0.058522
450 0.056410
455 0.040269
460 0.009475
465 0.072019
470 0.029357
475 0.103045
480 0.071227
485 0.035746
490 0.060803
495 0.135046
500 0.038670
5 0.036746
10 0.065831
15 0.060426
20 0.064753
25 0.039267
30 0.057089
35 0.088464
40 0.043739
45 0.008543
50 0.011693
55 0.012321
60 0.027018
65 0.048671
70 0.055990
75 0.021705
80 0.127796
85 0.110512
90 0.031002
95 0.084405
100 0.031723
105 0.068282
110 0.033271
115 0.058011
120 0.035397
125 0.006586
130 0.007964
135 0.103296
140 0.011236
145 0.026245
150 0.019116
155 0.048316
160 0.065229
165 0.050427
170 0.060815
175 0.047206
180 0.064417
185 0.008150
190 0.007878
195 0.020544
200 0.076327
205 0.040509
210 0.046055
215 0.165079
220 0.011087
225 0.065732
230 0.004961
235 0.015282
240 0.032406
245 0.003622
250 0.027970
255 0.029640
260 0.036873
265 0.012703
270 0.036208
275 0.046960
280 0.001635
285 0.021442
290 0.003339
295 0.028528
300 0.140314
305 0.027042
310 0.033945
315 0.052511
320 0.004142
325 0.041476
330 0.031321
335 0.016010
340 0.003930
345 0.065970
350 0.023492
355 0.019231
360 0.080576
365 0.067991
370 0.037311
375 0.027761
380 0.038463
385 0.026147
390 0.000847
395 0.012679
400 0.006144
405 0.066845
410 0.001628
415 0.052904
420 0.027956
425 0.005185
430 0.155906
435 0.028852
440 0.029994
445 0.034173
450 0.063260
455 0.049781
460 0.035544
465 0.086348
470 0.119998
475 0.016988
480 0.187306
485 0.059051
490 0.023416
495 0.003554
500 0.004276
5 0.021864
10 0.018414
15 0.009312
20 0.006992
25 0.023563
30 0.025092
35 0.008851
40 0.009977
45 0.014127
50 0.025375
55 0.046237
60 0.001970
65 0.031209
70 0.007046
75 0.005436
80 0.019050
85 0.005873
90 0.014807
95 0.033893
100 0.024492
105 0.001180
110 0.029388
115 0.028737
120 0.005570
125 0.014282
130 0.086599
135 0.007012
140 0.012953
145 0.023052
150 0.011475
155 0.139662
160 0.001734
165 0.039648
170 0.010714
175 0.032278
180 0.004263
185 0.012649
190 0.146770
195 0.001378
200 0.001518
205 0.044242
210 0.154665
215 0.125313
220 0.017210
225 0.006191
230 0.006144
235 0.003483
240 0.015530
245 0.004774
250 0.016677
255 0.072052
260 0.035996
265 0.007742
270 0.073792
275 0.062130
280 0.089823
285 0.007150
290 0.009058
295 0.031246
300 0.035454
305 0.041702
310 0.015769
315 0.124611
320 0.130874
325 0.116488
330 0.027708
335 0.033963
340 0.064801
345 0.030108
350 0.006465
355 0.017006
360 0.036066
365 0.015390
370 0.007678
375 0.020600
380 0.001949
385 0.033437
390 0.013105
395 0.064923
400 0.023284
405 0.010613
410 0.004648
415 0.061423
420 0.126094
425 0.009057
430 0.021348
435 0.039398
440 0.001641
445 0.039672
450 0.035118
455 0.016606
460 0.076627
465 0.046851
470 0.001313
475 0.005433
480 0.015792
485 0.053341
490 0.015910
495 0.007261
500 0.031334
5 0.019659
10 0.027269
15 0.053614
20 0.019688
25 0.020142
30 0.008837
35 0.004692
40 0.018424
45 0.015343
50 0.020585
55 0.046345
60 0.002104
65 0.009053
70 0.038816
75 0.001302
80 0.006721
85 0.001614
90 0.043376
95 0.039897
100 0.002872
105 0.016987
110 0.017657
115 0.001575
120 0.013760
125 0.010484
130 0.044965
135 0.028481
140 0.034378
145 0.001940
150 0.006461
155 0.002691
160 0.047078
165 0.008615
170 0.019179
175 0.012011
180 0.009394
185 0.012743
190 0.024043
195 0.018407
200 0.004259
205 0.051549
210 0.012965
215 0.018853
220 0.005712
225 0.034506
230 0.059167
235 0.070322
240 0.043400
245 0.013496
250 0.002062
255 0.109677
260 0.015873
265 0.031275
270 0.016581
275 0.004869
280 0.049868
285 0.009630
290 0.066728
295 0.089305
300 0.003557
305 0.009034
310 0.080137
315 0.067193
320 0.014148
325 0.018166
330 0.008553
335 0.009070
340 0.011830
345 0.019017
350 0.026684
355 0.096807
360 0.003713
365 0.040401
370 0.000746
375 0.004493
380 0.001115
385 0.114840
390 0.033115
395 0.070258
400 0.041141
405 0.018298
410 0.047620
415 0.041933
420 0.001369
425 0.042792
430 0.039319
435 0.037493
440 0.040270
445 0.033409
450 0.011711
455 0.009014
460 0.127264
465 0.009948
470 0.026867
475 0.006954
480 0.040321
485 0.005413
490 0.009758
495 0.031915
500 0.035873
5 0.038968
10 0.011909
15 0.042994
20 0.018455
25 0.121696
30 0.021580
35 0.059427
40 0.068091
45 0.006625
50 0.006541
55 0.004256
60 0.036659
65 0.007970
70 0.061520
75 0.002031
80 0.046717
85 0.022842
90 0.007664
95 0.000898
100 0.023454
105 0.004874
110 0.013128
115 0.013188
120 0.007089
125 0.011118
130 0.088441
135 0.050753
140 0.013039
145 0.048859
150 0.021437
155 0.005997
160 0.008626
165 0.003009
170 0.014223
175 0.010795
180 0.004439
185 0.005881
190 0.029285
195 0.003483
200 0.020537
205 0.002530
210 0.018669
215 0.003708
220 0.002558
225 0.058004
230 0.007790
235 0.001321
240 0.022560
245 0.085354
250 0.020052
255 0.051735
260 0.004006
265 0.019433
270 0.002977
275 0.010102
280 0.009124
285 0.060453
290 0.004457
295 0.005689
300 0.002310
305 0.004644
310 0.032688
315 0.001597
320 0.009915
325 0.012477
330 0.013117
335 0.080640
340 0.110029
345 0.002092
350 0.146835
355 0.022736
360 0.021935
365 0.019211
370 0.025694
375 0.016788
380 0.006725
385 0.047040
390 0.030991
395 0.047177
400 0.024962
405 0.043857
410 0.024289
415 0.121938
420 0.003585
425 0.001290
430 0.008740
435 0.014950
440 0.021579
445 0.014823
450 0.007705
455 0.000973
460 0.006632
465 0.007997
470 0.010777
475 0.014787
480 0.042947
485 0.033929
490 0.010907
495 0.027612
500 0.183616
5 0.007098
10 0.001838
15 0.001486
20 0.000480
25 0.023049
30 0.014773
35 0.000561
40 0.008664
45 0.045001
50 0.013170
55 0.008855
60 0.028102
65 0.007949
70 0.002076
75 0.012159
80 0.096614
85 0.089130
90 0.021714
95 0.021393
100 0.030219
105 0.048214
110 0.081473
115 0.005011
120 0.025051
125 0.034329
130 0.046720
135 0.001047
140 0.026299
145 0.012842
150 0.001183
155 0.013598
160 0.002397
165 0.040084
170 0.056124
175 0.000983
180 0.109140
185 0.006128
190 0.027756
195 0.033332
200 0.031288
205 0.023716
210 0.042795
215 0.080826
220 0.007850
225 0.055812
230 0.041998
235 0.070621
240 0.030525
245 0.007647
250 0.013348
255 0.034060
260 0.002796
265 0.045996
270 0.055364
275 0.014355
280 0.128791
285 0.004140
290 0.017399
295 0.008432
300 0.001163
305 0.013026
310 0.043938
315 0.008848
320 0.122420
325 0.120709
330 0.052741
335 0.017822
340 0.005891
345 0.038207
350 0.124837
355 0.008497
360 0.022642
365 0.005727
370 0.000870
375 0.036754
380 0.004518
385 0.005381
390 0.007084
395 0.084650
400 0.003602
405 0.040478
410 0.006383
415 0.004620
420 0.147444
425 0.033383
430 0.014483
435 0.022907
440 0.005928
445 0.001601
450 0.023478
455 0.006774
460 0.004011
465 0.004349
470 0.003164
475 0.093444
480 0.079272
485 0.089948
490 0.029806
495 0.009620
500 0.002044
5 0.004949
10 0.005465
15 0.004445
20 0.001211
25 0.007657
30 0.004846
35 0.003094
40 0.011927
45 0.003346
50 0.004331
55 0.002744
60 0.003055
65 0.003428
70 0.002233
75 0.018752
80 0.029240
85 0.005137
90 0.049891
95 0.000835
100 0.008274
105 0.004112
110 0.018051
115 0.000849
120 0.035651
125 0.002048
130 0.007907
135 0.002858
140 0.013940
145 0.011012
150 0.000930
155 0.004988
160 0.004182
165 0.009982
170 0.007204
175 0.009503
180 0.000285
185 0.006959
190 0.004384
195 0.003424
200 0.011019
205 0.001359
210 0.018963
215 0.003502
220 0.000633
225 0.042486
230 0.004756
235 0.011137
240 0.002693
245 0.018440
250 0.049969
255 0.005547
260 0.006385
265 0.000332
270 0.009807
275 0.001943
280 0.018618
285 0.002407
290 0.014186
295 0.046208
300 0.000625
305 0.080322
310 0.022388
315 0.063232
320 0.004861
325 0.001092
330 0.000244
335 0.048979
340 0.018204
345 0.000619
350 0.044730
355 0.004976
360 0.007158
365 0.012329
370 0.008230
375 0.121495
380 0.062680
385 0.012590
390 0.001913
395 0.008376
400 0.008629
405 0.003212
410 0.033563
415 0.063152
420 0.012903
425 0.084350
430 0.016000
435 0.010172
440 0.047385
445 0.028923
450 0.055991
455 0.071453
460 0.006959
465 0.005661
470 0.026591
475 0.015040
480 0.092808
485 0.009113
490 0.006988
495 0.036246
500 0.106120
5 0.002548
10 0.004160
15 0.018718
20 0.004678
25 0.003142
30 0.004968
35 0.000115
40 0.000558
45 0.000791
50 0.001880
55 0.016944
60 0.002718
65 0.039388
70 0.008551
75 0.010347
80 0.000442
85 0.002199
90 0.023326
95 0.005905
100 0.000883
105 0.001271
110 0.026130
115 0.003571
120 0.000305
125 0.001659
130 0.031724
135 0.008112
140 0.006022
145 0.008493
150 0.011903
155 0.013968
160 0.081099
165 0.020267
170 0.003644
175 0.034957
180 0.006626
185 0.002261
190 0.014802
195 0.003978
200 0.015101
205 0.007731
210 0.006597
215 0.008196
220 0.003762
225 0.009665
230 0.013451
235 0.004689
240 0.119468
245 0.014706
250 0.001838
255 0.008255
260 0.003817
265 0.000170
270 0.027355
275 0.003754
280 0.010264
285 0.032393
290 0.005807
295 0.046308
300 0.083668
305 0.017404
310 0.000794
315 0.002751
320 0.009703
325 0.020734
330 0.005226
335 0.001829
340 0.000857
345 0.024424
350 0.008179
355 0.000273
360 0.008150
365 0.002022
370 0.006660
375 0.003162
380 0.005817
385 0.000292
390 0.000219
395 0.008974
400 0.008122
405 0.003886
410 0.001107
415 0.000508
420 0.000812
425 0.008466
430 0.018290
435 0.005768
440 0.018603
445 0.040387
450 0.014931
455 0.004876
460 0.000242
465 0.000330
470 0.002559
475 0.009436
480 0.002019
485 0.010947
490 0.054624
495 0.003213
500 0.006256
5 0.047728
10 0.030007
15 0.007972
20 0.001266
25 0.018444
30 0.045432
35 0.000057
40 0.004482
45 0.024469
50 0.010276
55 0.001208
60 0.000109
65 0.001018
70 0.009820
75 0.003571
80 0.001113
85 0.000589
90 0.000751
95 0.000194
100 0.000321
105 0.016765
110 0.016796
115 0.025394
120 0.009216
125 0.011698
130 0.008926
135 0.005484
140 0.000426
145 0.003765
150 0.000691
155 0.001001
160 0.006400
165 0.002972
170 0.021361
175 0.035314
180 0.004582
185 0.172987
190 0.024938
195 0.020981
200 0.002420
205 0.000816
210 0.008463
215 0.001496
220 0.018851
225 0.009707
230 0.015955
235 0.014217
240 0.002300
245 0.073932
250 0.009141
255 0.040504
260 0.052035
265 0.000994
270 0.041980
275 0.039941
280 0.031294
285 0.011155
290 0.027553
295 0.015613
300 0.005438
305 0.017826
310 0.000745
315 0.001060
320 0.000931
325 0.024955
330 0.024825
335 0.009108
340 0.001300
345 0.064294
350 0.003263
355 0.013600
360 0.004329
365 0.014978
370 0.007388
375 0.019142
380 0.000674
385 0.001644
390 0.020490
395 0.063441
400 0.013599
405 0.010134
410 0.001474
415 0.014096
420 0.002117
425 0.005990
430 0.015742
435 0.005297
440 0.021176
445 0.047124
450 0.015316
455 0.011253
460 0.022344
465 0.003017
470 0.007356
475 0.096551
480 0.013670
485 0.002737
490 0.003616
495 0.102866
500 0.059344
5 0.020173
10 0.008058
15 0.000630
20 0.015559
25 0.047251
30 0.009330
35 0.003068
40 0.012420
45 0.029095
50 0.007792
55 0.022761
60 0.000743
65 0.050688
70 0.074974
75 0.015987
80 0.008774
85 0.000733
90 0.000658
95 0.003626
100 0.000275
105 0.001201
110 0.018206
115 0.010801
120 0.002147
125 0.001214
130 0.000366
135 0.007786
140 0.004979
145 0.000029
150 0.000920
155 0.000137
160 0.006494
165 0.017810
170 0.000407
175 0.004217
180 0.003309
185 0.002937
190 0.008611
195 0.000642
200 0.000466
205 0.000767
210 0.010889
215 0.002240
220 0.016520
225 0.015294
230 0.006492
235 0.010105
240 0.000261
245 0.000091
250 0.012441
255 0.002498
260 0.000305
265 0.001515
270 0.001483
275 0.012337
280 0.000884
285 0.013874
290 0.041343
295 0.013014
300 0.013868
305 0.002607
310 0.008387
315 0.000107
320 0.003276
325 0.007124
330 0.001553
335 0.189331
340 0.002771
345 0.013934
350 0.000559
355 0.006924
360 0.025079
365 0.013579
370 0.005376
375 0.019944
380 0.070184
385 0.004381
390 0.048677
395 0.008139
400 0.006246
405 0.037168
410 0.065315
415 0.004098
420 0.089339
425 0.005574
430 0.003520
435 0.006607
440 0.015552
445 0.013282
450 0.008001
455 0.000745
460 0.000832
465 0.013113
470 0.040753
475 0.004561
480 0.085649
485 0.008737
490 0.045707
495 0.021630
500 0.020162
5 0.003411
10 0.003686
15 0.016275
20 0.001330
25 0.001847
30 0.009672
35 0.016640
40 0.000823
45 0.005016
50 0.000836
55 0.000517
60 0.042345
65 0.001222
70 0.000550
75 0.001919
80 0.008050
85 0.002867
90 0.003679
95 0.000280
100 0.001016
105 0.035760
110 0.000146
115 0.002054
120 0.011159
125 0.003011
130 0.003716
135 0.004162
140 0.009052
145 0.041324
150 0.002051
155 0.000200
160 0.002516
165 0.000437
170 0.001003
175 0.008151
180 0.011826
185 0.001149
190 0.002904
195 0.030880
200 0.002865
205 0.037652
210 0.014591
215 0.000527
220 0.009388
225 0.004345
230 0.001359
235 0.003756
240 0.000607
245 0.008368
250 0.006569
255 0.007115
260 0.001719
265 0.001876
270 0.001190
275 0.000451
280 0.000523
285 0.012794
290 0.004794
295 0.069763
300 0.001447
305 0.018596
310 0.000561
315 0.023632
320 0.017147
325 0.000062
330 0.036162
335 0.017694
340 0.004079
345 0.005651
350 0.003717
355 0.002994
360 0.001853
365 0.029480
370 0.001936
375 0.001621
380 0.000237
385 0.000290
390 0.000052
395 0.004749
400 0.003393
405 0.000777
410 0.044918
415 0.000487
420 0.001940
425 0.010968
430 0.002353
435 0.000881
440 0.013735
445 0.022524
450 0.012417
455 0.044199
460 0.000191
465 0.001622
470 0.002752
475 0.031521
480 0.000391
485 0.005939
490 0.051616
495 0.004912
500 0.030920
5 0.011888
10 0.004338
15 0.003184
20 0.000984
25 0.078864
30 0.001177
35 0.006802
40 0.002599
45 0.002559
50 0.001801
55 0.003895
60 0.000097
65 0.000710
70 0.000111
75 0.002579
80 0.000261
85 0.007322
90 0.001838
95 0.000177
100 0.000646
105 0.000410
110 0.000103
115 0.000495
120 0.000230
125 0.033959
130 0.003946
135 0.012254
140 0.001286
145 0.058341
150 0.000352
155 0.001420
160 0.001080
165 0.011434
170 0.000817
175 0.012468
180 0.000493
185 0.008058
190 0.009190
195 0.002723
200 0.008300
205 0.000709
210 0.000666
215 0.007018
220 0.017280
225 0.000737
230 0.000976
235 0.001751
240 0.001555
245 0.005277
250 0.000756
255 0.001113
260 0.007847
265 0.000737
270 0.003931
275 0.000796
280 0.005239
285 0.000607
290 0.040806
295 0.000131
300 0.016933
305 0.000693
310 0.040730
315 0.000632
320 0.003152
325 0.001732
330 0.001599
335 0.003261
340 0.000493
345 0.000170
350 0.001495
355 0.040894
360 0.003389
365 0.001043
370 0.004600
375 0.006337
380 0.000106
385 0.000897
390 0.000723
395 0.037858
400 0.003942
405 0.017664
410 0.001164
415 0.025261
420 0.004202
425 0.000924
430 0.005453
435 0.003325
440 0.005697
445 0.006353
450 0.008823
455 0.000532
460 0.011407
465 0.004632
470 0.000051
475 0.006681
480 0.005710
485 0.001155
490 0.000357
495 0.035397
500 0.010550
5 0.000487
10 0.023665
15 0.005821
20 0.000674
25 0.005850
30 0.034958
35 0.046387
40 0.004920
45 0.002175
50 0.004495
55 0.001059
60 0.002729
65 0.000427
70 0.043085
75 0.034481
80 0.005999
85 0.002476
90 0.010009
95 0.000835
100 0.013239
105 0.012085
110 0.019517
115 0.009691
120 0.034896
125 0.000494
130 0.003336
135 0.004652
140 0.023444
145 0.048837
150 0.066205
155 0.001980
160 0.005501
165 0.000369
170 0.000647
175 0.013014
180 0.000751
185 0.000774
190 0.002171
195 0.000406
200 0.011576
205 0.002658
210 0.002932
215 0.000236
220 0.001513
225 0.004113
230 0.000011
235 0.020232
240 0.003065
245 0.001666
250 0.044028
255 0.000129
260 0.000731
265 0.000358
270 0.000266
275 0.008175
280 0.014310
285 0.043781
290 0.000326
295 0.000105
300 0.028792
305 0.003581
310 0.012948
315 0.010231
320 0.000678
325 0.002073
330 0.040554
335 0.020790
340 0.001025
345 0.055449
350 0.006892
355 0.003362
360 0.000955
365 0.000823
370 0.056604
375 0.002464
380 0.000369
385 0.002527
390 0.000363
395 0.062271
400 0.003735
405 0.000864
410 0.008213
415 0.018827
420 0.007441
425 0.007923
430 0.000643
435 0.043300
440 0.000985
445 0.002007
450 0.000576
455 0.013637
460 0.013072
465 0.024166
470 0.028383
475 0.011544
480 0.012822
485 0.003707
490 0.003421
495 0.025580
500 0.012386
5 0.000126
10 0.032516
15 0.000589
20 0.025457
25 0.000470
30 0.005019
35 0.000245
40 0.000780
45 0.002751
50 0.201358
55 0.006452
60 0.000579
65 0.007050
70 0.003650
75 0.000447
80 0.000172
85 0.021260
90 0.001973
95 0.000361
100 0.038742
105 0.003450
110 0.004883
115 0.005892
120 0.003250
125 0.017167
130 0.018850
135 0.000053
140 0.007008
145 0.037981
150 0.019846
155 0.001503
160 0.022693
165 0.000229
170 0.000116
175 0.000070
180 0.001245
185 0.000607
190 0.028639
195 0.013097
200 0.000266
205 0.000061
210 0.000272
215 0.005465
220 0.039782
225 0.000078
230 0.001271
235 0.000632
240 0.007646
245 0.000368
250 0.000239
255 0.006209
260 0.001374
265 0.002799
270 0.003267
275 0.028268
280 0.000683
285 0.000584
290 0.002272
295 0.001165
300 0.003857
305 0.030651
310 0.016169
315 0.002219
320 0.001238
325 0.011478
330 0.000607
335 0.009629
340 0.034303
345 0.000175
350 0.004769
355 0.028222
360 0.000085
365 0.003702
370 0.001140
375 0.041752
380 0.000225
385 0.028990
390 0.004369
395 0.002694
400 0.014997
405 0.002000
410 0.003008
415 0.000054
420 0.000356
425 0.002759
430 0.000132
435 0.001380
440 0.002156
445 0.003326
450 0.012158
455 0.001321
460 0.002277
465 0.001618
470 0.009234
475 0.019536
480 0.042421
485 0.005122
490 0.011626
495 0.022163
500 0.027402
5 0.014396
10 0.001022
15 0.002866
20 0.002668
25 0.008556
30 0.023470
35 0.020744
40 0.003648
45 0.005493
50 0.024400
55 0.003841
60 0.005523
65 0.001698
70 0.036873
75 0.001673
80 0.002603
85 0.002321
90 0.002495
95 0.038021
100 0.028355
105 0.004262
110 0.000117
115 0.000910
120 0.007421
125 0.010716
130 0.003615
135 0.003199
140 0.000018
145 0.000172
150 0.004467
155 0.000344
160 0.000077
165 0.002025
170 0.001363
175 0.001941
180 0.000225
185 0.012967
190 0.000748
195 0.001107
200 0.000074
205 0.020547
210 0.000497
215 0.002130
220 0.001239
225 0.000083
230 0.001322
235 0.042799
240 0.000573
245 0.009156
250 0.003061
255 0.072234
260 0.031351
265 0.067755
270 0.000158
275 0.018342
280 0.045051
285 0.001279
290 0.003419
295 0.002078
300 0.002286
305 0.026032
310 0.001895
315 0.001180
320 0.000883
325 0.001637
330 0.049196
335 0.001075
340 0.000018
345 0.000235
350 0.000349
355 0.015628
360 0.001018
365 0.037982
370 0.000755
375 0.005107
380 0.010319
385 0.000279
390 0.002394
395 0.006420
400 0.008154
405 0.000187
410 0.004736
415 0.012063
420 0.031490
425 0.016010
430 0.000076
435 0.006825
440 0.040635
445 0.000939
450 0.038627
455 0.001730
460 0.003678
465 0.046077
470 0.006028
475 0.001268
480 0.007943
485 0.000813
490 0.030381
495 0.063072
500 0.026768
5 0.003808
10 0.001234
15 0.048996
20 0.039525
25 0.000041
30 0.036659
35 0.000045
40 0.002443
45 0.050185
50 0.004321
55 0.006581
60 0.000339
65 0.001112
70 0.049033
75 0.000545
80 0.002603
85 0.008606
90 0.009178
95 0.003830
100 0.000134
105 0.005261
110 0.000082
115 0.068391
120 0.015063
125 0.000424
130 0.012829
135 0.001520
140 0.000835
145 0.002300
150 0.027851
155 0.082191
160 0.030813
165 0.003168
170 0.000325
175 0.000943
180 0.007045
185 0.018449
190 0.000500
195 0.000182
200 0.029617
205 0.000381
210 0.000991
215 0.000191
220 0.000182
225 0.001211
230 0.000301
235 0.002623
240 0.015077
245 0.000442
250 0.010151
255 0.008850
260 0.003292
265 0.002864
270 0.000182
275 0.000065
280 0.017950
285 0.000246
290 0.000585
295 0.000412
300 0.000066
305 0.004814
310 0.001560
315 0.035174
320 0.001372
325 0.002014
330 0.005331
335 0.000429
340 0.001474
345 0.033357
350 0.000080
355 0.000940
360 0.000056
365 0.010112
370 0.031450
375 0.015242
380 0.044231
385 0.020746
390 0.018022
395 0.003552
400 0.016462
405 0.035139
410 0.005121
415 0.001655
420 0.004583
425 0.004898
430 0.004258
435 0.007915
440 0.002411
445 0.000267
450 0.000114
455 0.000502
460 0.000019
465 0.011567
470 0.002380
475 0.000836
480 0.009886
485 0.003143
490 0.023268
495 0.002217
500 0.012832
5 0.000333
10 0.000994
15 0.004130
20 0.001308
25 0.001863
30 0.005693
35 0.009290
40 0.000211
45 0.001099
50 0.005116
55 0.000364
60 0.000308
65 0.000298
70 0.000158
75 0.002070
80 0.000156
85 0.001065
90 0.000124
95 0.000535
100 0.019302
105 0.002510
110 0.000087
115 0.000132
120 0.009950
125 0.002075
130 0.047886
135 0.002656
140 0.010118
145 0.004550
150 0.001475
155 0.008444
160 0.007058
165 0.069937
170 0.000048
175 0.002534
180 0.000520
185 0.007107
190 0.008817
195 0.002249
200 0.000090
205 0.003238
210 0.000481
215 0.000447
220 0.003341
225 0.000080
230 0.000075
235 0.012787
240 0.022295
245 0.001263
250 0.000874
255 0.000712
260 0.000403
265 0.001185
270 0.003164
275 0.000854
280 0.000470
285 0.001014
290 0.000786
295 0.002869
300 0.021677
305 0.001742
310 0.003791
315 0.002947
320 0.000855
325 0.000344
330 0.000218
335 0.000118
340 0.001982
345 0.000526
350 0.009534
355 0.000228
360 0.000713
365 0.000102
370 0.000272
375 0.007516
380 0.011182
385 0.000449
390 0.000992
395 0.008454
400 0.001259
405 0.009964
410 0.000180
415 0.002204
420 0.001200
425 0.000344
430 0.028464
435 0.000599
440 0.033397
445 0.001123
450 0.048573
455 0.000039
460 0.000427
465 0.000304
470 0.001445
475 0.049527
480 0.063130
485 0.000298
490 0.000149
495 0.008737
500 0.017720
5 0.000820
10 0.001227
15 0.054746
20 0.000106
25 0.012626
30 0.000164
35 0.013761
40 0.000016
45 0.002459
50 0.000426
55 0.001346
60 0.000064
65 0.001278
70 0.028255
75 0.000080
80 0.000389
85 0.000055
90 0.017817
95 0.000224
100 0.000443
105 0.000743
110 0.000367
115 0.000998
120 0.020447
125 0.001144
130 0.000952
135 0.001167
140 0.000069
145 0.000339
150 0.000014
155 0.000194
160 0.000278
165 0.000258
170 0.001703
175 0.000173
180 0.000283
185 0.000865
190 0.001074
195 0.000904
200 0.000838
205 0.000658
210 0.001235
215 0.001765
220 0.000669
225 0.000024
230 0.001771
235 0.002546
240 0.003094
245 0.000125
250 0.008284
255 0.001548
260 0.003080
265 0.001324
270 0.000019
275 0.037200
280 0.030190
285 0.001763
290 0.000218
295 0.001707
300 0.003846
305 0.001682
310 0.004621
315 0.014559
320 0.001790
325 0.000284
330 0.000481
335 0.004680
340 0.000063
345 0.001354
350 0.066293
355 0.001092
360 0.000427
365 0.004191
370 0.000753
375 0.011612
380 0.000079
385 0.010849
390 0.001380
395 0.001673
400 0.000080
405 0.044235
410 0.001534
415 0.000185
420 0.006974
425 0.000859
430 0.000770
435 0.000629
440 0.009618
445 0.047089
450 0.001641
455 0.000822
460 0.001800
465 0.001175
470 0.004978
475 0.009836
480 0.005587
485 0.024156
490 0.075008
495 0.009893
500 0.000298
5 0.004693
10 0.000569
15 0.001963
20 0.000299
25 0.018216
30 0.001636
35 0.001374
40 0.000098
45 0.001174
50 0.019769
55 0.000028
60 0.000097
65 0.004229
70 0.010425
75 0.008626
80 0.008935
85 0.000066
90 0.008230
95 0.003660
100 0.000300
105 0.000695
110 0.006170
115 0.017184
120 0.015771
125 0.016322
130 0.000713
135 0.011315
140 0.000456
145 0.002224
150 0.000191
155 0.000295
160 0.006452
165 0.000196
170 0.025828
175 0.001008
180 0.003158
185 0.000117
190 0.002615
195 0.014282
200 0.008658
205 0.001330
210 0.000350
215 0.000072
220 0.001635
225 0.001769
230 0.000873
235 0.008001
240 0.000230
245 0.041397
250 0.001575
255 0.000114
260 0.000290
265 0.013522
270 0.001198
275 0.011550
280 0.032396
285 0.001087
290 0.001758
295 0.000830
300 0.000822
305 0.000244
310 0.000853
315 0.000058
320 0.016694
325 0.000599
330 0.001557
335 0.005701
340 0.000243
345 0.007286
350 0.000577
355 0.001663
360 0.019902
365 0.029394
370 0.000201
375 0.000736
380 0.007993
385 0.008308
390 0.007559
395 0.009290
400 0.073896
405 0.000268
410 0.009515
415 0.003258
420 0.000455
425 0.000242
430 0.002031
435 0.002698
440 0.000919
445 0.000085
450 0.000025
455 0.008416
460 0.000074
465 0.002931
470 0.000161
475 0.001039
480 0.000284
485 0.001900
490 0.001818
495 0.009959
500 0.000105
5 0.002742
10 0.000859
15 0.001178
20 0.000483
25 0.002911
30 0.012529
35 0.000724
40 0.000116
45 0.032380
50 0.003840
55 0.002421
60 0.007150
65 0.000364
70 0.000071
75 0.160048
80 0.025460
85 0.000072
90 0.000723
95 0.000030
100 0.005090
105 0.000116
110 0.002890
115 0.000714
120 0.000186
125 0.000161
130 0.011589
135 0.000850
140 0.000213
145 0.002805
150 0.000027
155 0.003578
160 0.000487
165 0.000241
170 0.000252
175 0.000035
180 0.000381
185 0.002190
190 0.000405
195 0.000253
200 0.002999
205 0.020129
210 0.028294
215 0.001958
220 0.000341
225 0.000090
230 0.000318
235 0.004765
240 0.000042
245 0.000034
250 0.000282
255 0.000517
260 0.000075
265 0.001821
270 0.017374
275 0.000019
280 0.000129
285 0.003177
290 0.000635
295 0.001199
300 0.003622
305 0.000146
310 0.008411
315 0.000480
320 0.000046
325 0.000615
330 0.004137
335 0.000695
340 0.000848
345 0.000022
350 0.000651
355 0.005132
360 0.000082
365 0.000093
370 0.021543
375 0.006867
380 0.001082
385 0.000424
390 0.000203
395 0.000114
400 0.078210
405 0.009414
410 0.001158
415 0.022683
420 0.000745
425 0.004406
430 0.000150
435 0.000357
440 0.007384
445 0.000287
450 0.011325
455 0.000659
460 0.047174
465 0.000444
470 0.001065
475 0.000201
480 0.004477
485 0.010553
490 0.000527
495 0.033142
500 0.000157
5 0.001112
10 0.002437
15 0.000309
20 0.000457
25 0.002467
30 0.002867
35 0.000044
40 0.001361
45 0.015103
50 0.004331
55 0.000171
60 0.000075
65 0.014443
70 0.038321
75 0.000345
80 0.000459
85 0.000756
90 0.001983
95 0.000084
100 0.002866
105 0.000503
110 0.008433
115 0.000106
120 0.000060
125 0.000122
130 0.002786
135 0.001481
140 0.000062
145 0.000496
150 0.000630
155 0.000930
160 0.001628
165 0.018331
170 0.013512
175 0.001747
180 0.002077
185 0.006980
190 0.000548
195 0.000035
200 0.001212
205 0.000184
210 0.000044
215 0.000542
220 0.003372
225 0.000982
230 0.000692
235 0.000545
240 0.005684
245 0.000012
250 0.000239
255 0.017280
260 0.000119
265 0.001046
270 0.000101
275 0.000139
280 0.000865
285 0.000982
290 0.001741
295 0.001291
300 0.000147
305 0.000561
310 0.011129
315 0.000477
320 0.000012
325 0.000111
330 0.001233
335 0.000013
340 0.000355
345 0.003056
350 0.000613
355 0.000041
360 0.000362
365 0.000418
370 0.000124
375 0.000314
380 0.001770
385 0.001638
390 0.000091
395 0.004542
400 0.000439
405 0.003350
410 0.001817
415 0.000247
420 0.000836
425 0.000425
430 0.000286
435 0.012564
440 0.000227
445 0.000325
450 0.000036
455 0.007985
460 0.000765
465 0.000021
470 0.002091
475 0.000125
480 0.000992
485 0.007051
490 0.000003
495 0.000138
500 0.003093
5 0.000013
10 0.000218
15 0.000769
20 0.000333
25 0.032455
30 0.000061
35 0.005663
40 0.000143
45 0.001888
50 0.000043
55 0.003177
60 0.000131
65 0.000303
70 0.004011
75 0.000986
80 0.004986
85 0.005733
90 0.000252
95 0.136213
100 0.031019
105 0.002514
110 0.003286
115 0.015900
120 0.000120
125 0.065326
130 0.086321
135 0.000452
140 0.012347
145 0.000562
150 0.000061
155 0.023483
160 0.003030
165 0.017472
170 0.000534
175 0.000023
180 0.002147
185 0.000105
190 0.044151
195 0.000087
200 0.000672
205 0.022626
210 0.000318
215 0.000387
220 0.010194
225 0.000440
230 0.000783
235 0.000822
240 0.025446
245 0.002076
250 0.002945
255 0.000512
260 0.005273
265 0.000437
270 0.010655
275 0.000229
280 0.000388
285 0.006804
290 0.014151
295 0.000150
300 0.000265
305 0.000318
310 0.002939
315 0.001707
320 0.004777
325 0.000293
330 0.000337
335 0.008880
340 0.001708
345 0.000014
350 0.000135
355 0.000340
360 0.000400
365 0.016099
370 0.000084
375 0.021727
380 0.004867
385 0.002783
390 0.003482
395 0.017226
400 0.000111
405 0.000549
410 0.000064
415 0.003982
420 0.000022
425 0.000509
430 0.000075
435 0.002333
440 0.063782
445 0.004772
450 0.021829
455 0.076620
460 0.000003
465 0.000630
470 0.003346
475 0.001688
480 0.029995
485 0.071038
490 0.031885
495 0.103556
500 0.005676
5 0.000834
10 0.005319
15 0.002107
20 0.002021
25 0.000171
30 0.007225
35 0.000125
40 0.022427
45 0.004319
50 0.007212
55 0.000009
60 0.000094
65 0.000063
70 0.003061
75 0.001123
80 0.020571
85 0.043887
90 0.000066
95 0.003671
100 0.000466
105 0.001566
110 0.029797
115 0.039382
120 0.001174
125 0.001966
130 0.000138
135 0.000075
140 0.000046
145 0.015517
150 0.003911
155 0.000190
160 0.012628
165 0.000069
170 0.000502
175 0.000352
180 0.000897
185 0.010408
190 0.003612
195 0.000064
200 0.000310
205 0.000010
210 0.015184
215 0.011948
220 0.002124
225 0.003755
230 0.000429
235 0.000125
240 0.001023
245 0.000067
250 0.000024
255 0.000439
260 0.015543
265 0.003260
270 0.011237
275 0.000109
280 0.000250
285 0.009732
290 0.000831
295 0.018618
300 0.000290
305 0.000172
310 0.001126
315 0.000438
320 0.001461
325 0.005247
330 0.000450
335 0.000706
340 0.000057
345 0.000028
350 0.000264
355 0.000149
360 0.000042
365 0.000942
370 0.000273
375 0.001406
380 0.000305
385 0.009522
390 0.000130
395 0.001846
400 0.000131
405 0.008718
410 0.000153
415 0.006654
420 0.000245
425 0.003670
430 0.001697
435 0.001366
440 0.000197
445 0.000026
450 0.000028
455 0.000459
460 0.004745
465 0.000409
470 0.002000
475 0.004275
480 0.018026
485 0.000262
490 0.083076
495 0.028554
500 0.043013
5 0.000090
10 0.017527
15 0.001936
20 0.000076
25 0.002733
30 0.000468
35 0.000664
40 0.000478
45 0.021460
50 0.000114
55 0.001485
60 0.012026
65 0.000708
70 0.000605
75 0.001267
80 0.000218
85 0.002251
90 0.000086
95 0.030613
100 0.000526
105 0.036876
110 0.000055
115 0.000121
120 0.011432
125 0.000323
130 0.001362
135 0.000051
140 0.000654
145 0.000357
150 0.000198
155 0.002460
160 0.000568
165 0.001013
170 0.014223
175 0.000272
180 0.000023
185 0.000030
190 0.000127
195 0.000279
200 0.000082
205 0.000018
210 0.000031
215 0.000959
220 0.002838
225 0.000057
230 0.000061
235 0.000139
240 0.000854
245 0.000236
250 0.000004
255 0.001151
260 0.000023
265 0.000594
270 0.000170
275 0.001086
280 0.000867
285 0.000111
290 0.000072
295 0.000039
300 0.000019
305 0.000038
310 0.005363
315 0.001374
320 0.001642
325 0.000554
330 0.000013
335 0.000164
340 0.000004
345 0.004748
350 0.000087
355 0.001023
360 0.000150
365 0.000452
370 0.000262
375 0.000171
380 0.007666
385 0.000790
390 0.000044
395 0.000829
400 0.000056
405 0.005958
410 0.000029
415 0.000303
420 0.001103
425 0.001849
430 0.002160
435 0.000015
440 0.000120
445 0.003781
450 0.000488
455 0.000080
460 0.000081
465 0.000013
470 0.000079
475 0.000177
480 0.000371
485 0.007470
490 0.000025
495 0.001689
500 0.000094
5 0.000205
10 0.006946
15 0.000039
20 0.000078
25 0.000074
30 0.005108
35 0.002645
40 0.000059
45 0.000039
50 0.001975
55 0.000359
60 0.000205
65 0.000264
70 0.000793
75 0.000248
80 0.001957
85 0.000054
90 0.000007
95 0.001450
100 0.009926
105 0.000136
110 0.023136
115 0.000638
120 0.003988
125 0.000135
130 0.000013
135 0.000851
140 0.000010
145 0.003632
150 0.000109
155 0.000123
160 0.001156
165 0.000133
170 0.001000
175 0.000205
180 0.000954
185 0.000027
190 0.000109
195 0.000988
200 0.000160
205 0.000095
210 0.013761
215 0.000547
220 0.000099
225 0.000145
230 0.000631
235 0.045929
240 0.000343
245 0.000153
250 0.000179
255 0.000169
260 0.000121
265 0.003441
270 0.013493
275 0.000246
280 0.004017
285 0.000024
290 0.000239
295 0.004268
300 0.001439
305 0.000064
310 0.003952
315 0.001077
320 0.000756
325 0.000045
330 0.011904
335 0.000019
340 0.000568
345 0.004906
350 0.005183
355 0.000530
360 0.000102
365 0.000013
370 0.001049
375 0.012551
380 0.000696
385 0.004462
390 0.000051
395 0.005415
400 0.000034
405 0.016982
410 0.021459
415 0.021430
420 0.001571
425 0.000065
430 0.014487
435 0.014514
440 0.005252
445 0.055767
450 0.000014
455 0.001556
460 0.006114
465 0.000240
470 0.000446
475 0.029765
480 0.000963
485 0.000054
490 0.000057
495 0.000060
500 0.000110
5 0.014763
10 0.000180
15 0.021203
20 0.000905
25 0.006036
30 0.014548
35 0.009327
40 0.011192
45 0.021757
50 0.002759
55 0.004014
60 0.000730
65 0.001461
70 0.000085
75 0.007225
80 0.001360
85 0.014259
90 0.000898
95 0.001283
100 0.001576
105 0.000766
110 0.002656
115 0.000279
120 0.019763
125 0.009555
130 0.000462
135 0.000002
140 0.000027
145 0.000042
150 0.002994
155 0.000840
160 0.011196
165 0.007056
170 0.000413
175 0.010657
180 0.000760
185 0.009587
190 0.000525
195 0.003850
200 0.012915
205 0.002403
210 0.000065
215 0.007083
220 0.000063
225 0.000259
230 0.001226
235 0.021700
240 0.000732
245 0.007630
250 0.000046
255 0.001610
260 0.000482
265 0.001511
270 0.000592
275 0.003157
280 0.000540
285 0.003417
290 0.001423
295 0.000275
300 0.005447
305 0.008062
310 0.000062
315 0.000814
320 0.000052
325 0.005591
330 0.000059
335 0.000042
340 0.000120
345 0.001342
350 0.000200
355 0.000003
360 0.000688
365 0.000781
370 0.000030
375 0.000908
380 0.002140
385 0.006707
390 0.000521
395 0.000104
400 0.000470
405 0.001211
410 0.000071
415 0.003610
420 0.000001
425 0.000640
430 0.000025
435 0.002359
440 0.001827
445 0.014905
450 0.022315
455 0.000051
460 0.036257
465 0.002239
470 0.001139
475 0.015853
480 0.008149
485 0.002039
490 0.000028
495 0.035858
500 0.007962
5 0.000971
10 0.001441
15 0.000158
20 0.000028
25 0.000210
30 0.000356
35 0.000280
40 0.000348
45 0.000841
50 0.000116
55 0.001765
60 0.036141
65 0.000157
70 0.000229
75 0.000068
80 0.022173
85 0.032219
90 0.001734
95 0.004870
100 0.004840
105 0.000924
110 0.000173
115 0.000045
120 0.000140
125 0.000712
130 0.004298
135 0.006831
140 0.001619
145 0.000238
150 0.007032
155 0.003934
160 0.000029
165 0.000213
170 0.013993
175 0.000479
180 0.000196
185 0.003812
190 0.000266
195 0.009934
200 0.001512
205 0.000060
210 0.000133
215 0.005389
220 0.000329
225 0.036654
230 0.000196
235 0.000070
240 0.002126
245 0.000071
250 0.004485
255 0.021865
260 0.000081
265 0.005991
270 0.045831
275 0.000007
280 0.017733
285 0.003918
290 0.007985
295 0.000002
300 0.000180
305 0.000225
310 0.000032
315 0.005655
320 0.001974
325 0.000135
330 0.000302
335 0.000404
340 0.001661
345 0.000052
350 0.004499
355 0.002059
360 0.001931
365 0.000201
370 0.000105
375 0.000465
380 0.000261
385 0.000022
390 0.000018
395 0.000008
400 0.000073
405 0.001593
410 0.012122
415 0.000361
420 0.000028
425 0.000042
430 0.001093
435 0.000100
440 0.000106
445 0.000478
450 0.030505
455 0.000459
460 0.027285
465 0.000316
470 0.000335
475 0.000133
480 0.000144
485 0.006373
490 0.001498
495 0.018821
500 0.000996
5 0.024124
10 0.005835
15 0.004275
20 0.000563
25 0.000239
30 0.002837
35 0.002198
40 0.040152
45 0.001546
50 0.000586
55 0.000204
60 0.041962
65 0.000456
70 0.000650
75 0.001485
80 0.000052
85 0.001459
90 0.000003
95 0.001558
100 0.000490
105 0.000026
110 0.001038
115 0.000109
120 0.003506
125 0.001583
130 0.000917
135 0.006905
140 0.011189
145 0.002755
150 0.006690
155 0.003115
160 0.000125
165 0.000105
170 0.000209
175 0.014072
180 0.000153
185 0.008655
190 0.000018
195 0.000035
200 0.000013
205 0.000081
210 0.000025
215 0.000119
220 0.000092
225 0.000132
230 0.000017
235 0.007198
240 0.000005
245 0.002873
250 0.007816
255 0.000149
260 0.001420
265 0.000194
270 0.002176
275 0.000014
280 0.000231
285 0.000217
290 0.001138
295 0.000555
300 0.000064
305 0.002190
310 0.000031
315 0.013055
320 0.000326
325 0.000055
330 0.000035
335 0.000131
340 0.000110
345 0.000086
350 0.000017
355 0.000087
360 0.000527
365 0.027309
370 0.000003
375 0.000836
380 0.006969
385 0.005403
390 0.000033
395 0.001330
400 0.000038
405 0.000034
410 0.025261
415 0.000002
420 0.000257
425 0.000029
430 0.000060
435 0.000157
440 0.000096
445 0.000491
450 0.000131
455 0.000017
460 0.001647
465 0.000025
470 0.000013
475 0.007510
480 0.003982
485 0.000033
490 0.000498
495 0.000038
500 0.000051
5 0.000440
10 0.000019
15 0.000001
20 0.001766
25 0.000335
30 0.000838
35 0.000042
40 0.000017
45 0.000394
50 0.000111
55 0.000010
60 0.000007
65 0.000005
70 0.000014
75 0.002969
80 0.001386
85 0.000060
90 0.000149
95 0.000084
100 0.000018
105 0.000032
110 0.000404
115 0.000057
120 0.000589
125 0.000042
130 0.000037
135 0.000136
140 0.000020
145 0.000015
150 0.000016
155 0.000052
160 0.000265
165 0.000006
170 0.000181
175 0.000027
180 0.000046
185 0.000007
190 0.000098
195 0.000075
200 0.000006
205 0.000010
210 0.000027
215 0.010042
220 0.000130
225 0.000025
230 0.000644
235 0.000109
240 0.000006
245 0.000885
250 0.000333
255 0.000751
260 0.000052
265 0.000001
270 0.000044
275 0.001623
280 0.000007
285 0.000043
290 0.000019
295 0.000004
300 0.007173
305 0.000107
310 0.000803
315 0.001293
320 0.000160
325 0.000046
330 0.000013
335 0.000411
340 0.002264
345 0.000004
350 0.001080
355 0.000004
360 0.000068
365 0.000003
370 0.000309
375 0.000189
380 0.000016
385 0.000061
390 0.000210
395 0.000141
400 0.000396
405 0.001627
410 0.000141
415 0.000023
420 0.000086
425 0.000043
430 0.001545
435 0.000009
440 0.000060
445 0.000643
450 0.000054
455 0.000160
460 0.000049
465 0.025133
470 0.000121
475 0.000042
480 0.001351
485 0.000044
490 0.000053
495 0.000100
500 0.000217
5 0.000143
10 0.000240
15 0.003547
20 0.016962
25 0.035535
30 0.000076
35 0.000015
40 0.008252
45 0.000145
50 0.000079
55 0.001558
60 0.000598
65 0.000081
70 0.000339
75 0.000569
80 0.051528
85 0.013240
90 0.008583
95 0.000885
100 0.034852
105 0.000344
110 0.003554
115 0.002963
120 0.000703
125 0.000329
130 0.005584
135 0.002337
140 0.000731
145 0.000081
150 0.000190
155 0.001022
160 0.000564
165 0.000270
170 0.000027
175 0.013641
180 0.005010
185 0.001911
190 0.023401
195 0.000162
200 0.009425
205 0.003545
210 0.002005
215 0.001573
220 0.031012
225 0.048530
230 0.005676
235 0.000044
240 0.001153
245 0.001244
250 0.003917
255 0.005844
260 0.059438
265 0.000520
270 0.002638
275 0.011752
280 0.019609
285 0.000410
290 0.000585
295 0.000394
300 0.010624
305 0.002930
310 0.035525
315 0.000720
320 0.000272
325 0.000069
330 0.004430
335 0.000021
340 0.000002
345 0.014706
350 0.000010
355 0.000315
360 0.000043
365 0.000702
370 0.001756
375 0.000046
380 0.000031
385 0.001217
390 0.000187
395 0.000138
400 0.002865
405 0.000497
410 0.002107
415 0.009410
420 0.001590
425 0.000121
430 0.000537
435 0.027850
440 0.000435
445 0.007020
450 0.001095
455 0.023466
460 0.002031
465 0.000171
470 0.001520
475 0.002083
480 0.000162
485 0.000299
490 0.000230
495 0.000405
500 0.000482
5 0.000374
10 0.001227
15 0.010562
20 0.004084
25 0.000021
30 0.004992
35 0.000157
40 0.000725
45 0.000011
50 0.003722
55 0.000044
60 0.001773
65 0.001800
70 0.000353
75 0.000016
80 0.000390
85 0.000417
90 0.000066
95 0.000082
100 0.000115
105 0.000040
110 0.000129
115 0.000011
120 0.000225
125 0.000595
130 0.000111
135 0.000447
140 0.000183
145 0.000009
150 0.005751
155 0.000486
160 0.000575
165 0.001185
170 0.000018
175 0.000076
180 0.000043
185 0.000173
190 0.001449
195 0.000016
200 0.000232
205 0.001938
210 0.000112
215 0.000056
220 0.000795
225 0.000140
230 0.000107
235 0.018424
240 0.000661
245 0.013597
250 0.010965
255 0.000019
260 0.000217
265 0.000360
270 0.002788
275 0.004852
280 0.000939
285 0.000909
290 0.000042
295 0.000149
300 0.000284
305 0.003407
310 0.003375
315 0.000578
320 0.007366
325 0.003807
330 0.002169
335 0.001399
340 0.000490
345 0.008250
350 0.000198
355 0.000019
360 0.001804
365 0.014877
370 0.011799
375 0.000154
380 0.000262
385 0.000408
390 0.001418
395 0.083894
400 0.000294
405 0.003407
410 0.000214
415 0.009262
420 0.000357
425 0.000719
430 0.003462
435 0.000001
440 0.002293
445 0.005154
450 0.009744
455 0.000002
460 0.000087
465 0.000014
470 0.000019
475 0.037502
480 0.000256
485 0.000062
490 0.000384
495 0.000141
500 0.002003
5 0.000636
10 0.000004
15 0.000057
20 0.000285
25 0.000069
30 0.009756
35 0.000022
40 0.000042
45 0.000020
50 0.032334
55 0.001879
60 0.004417
65 0.000043
70 0.000348
75 0.000865
80 0.000218
85 0.000042
90 0.001555
95 0.000025
100 0.001001
105 0.000440
110 0.000656
115 0.000269
120 0.004032
125 0.002476
130 0.000017
135 0.001415
140 0.000336
145 0.000086
150 0.005236
155 0.000011
160 0.000009
165 0.000067
170 0.000438
175 0.009739
180 0.000185
185 0.000045
190 0.005615
195 0.000019
200 0.000688
205 0.000995
210 0.000113
215 0.000327
220 0.000053
225 0.000266
230 0.000423
235 0.002826
240 0.000646
245 0.000195
250 0.001420
255 0.000020
260 0.003482
265 0.003135
270 0.000796
275 0.002760
280 0.000113
285 0.000002
290 0.000391
295 0.000035
300 0.000023
305 0.003170
310 0.000007
315 0.000483
320 0.000038
325 0.000884
330 0.000004
335 0.001697
340 0.000024
345 0.008822
350 0.004986
355 0.000222
360 0.000339
365 0.000003
370 0.001374
375 0.001287
380 0.000210
385 0.000298
390 0.000017
395 0.000280
400 0.000016
405 0.000804
410 0.000419
415 0.000046
420 0.000010
425 0.000111
430 0.000052
435 0.004177
440 0.002025
445 0.000181
450 0.064652
455 0.001064
460 0.000201
465 0.000101
470 0.003138
475 0.000018
480 0.000003
485 0.051671
490 0.000013
495 0.001231
500 0.000023
5 0.000271
10 0.000210
15 0.000002
20 0.000033
25 0.000017
30 0.000039
35 0.000034
40 0.000140
45 0.000016
50 0.000117
55 0.000077
60 0.000007
65 0.000064
70 0.000250
75 0.000015
80 0.000005
85 0.000057
90 0.000019
95 0.001809
100 0.000035
105 0.000051
110 0.000778
115 0.000469
120 0.000035
125 0.000065
130 0.000064
135 0.000082
140 0.000720
145 0.000018
150 0.000006
155 0.000329
160 0.000047
165 0.000177
170 0.000481
175 0.000191
180 0.000289
185 0.000166
190 0.000024
195 0.000076
200 0.000212
205 0.000194
210 0.003247
215 0.000019
220 0.000247
225 0.000026
230 0.001864
235 0.000256
240 0.000067
245 0.000008
250 0.000006
255 0.000037
260 0.000005
265 0.000004
270 0.000014
275 0.014993
280 0.000685
285 0.000023
290 0.000175
295 0.000018
300 0.000002
305 0.000073
310 0.000004
315 0.013256
320 0.007773
325 0.001591
330 0.000053
335 0.000010
340 0.000676
345 0.008636
350 0.024787
355 0.000377
360 0.000416
365 0.007268
370 0.000693
375 0.019166
380 0.000136
385 0.000516
390 0.000645
395 0.004824
400 0.000784
405 0.000068
410 0.000148
415 0.000054
420 0.000000
425 0.000004
430 0.000098
435 0.001154
440 0.001635
445 0.000002
450 0.001966
455 0.000304
460 0.001681
465 0.001064
470 0.000125
475 0.001579
480 0.000026
485 0.000036
490 0.000443
495 0.000094
500 0.000066
5 0.000232
10 0.000015
15 0.000008
20 0.000046
25 0.000012
30 0.000128
35 0.000017
40 0.000032
45 0.000107
50 0.000047
55 0.000077
60 0.000354
65 0.000894
70 0.000063
75 0.001919
80 0.000020
85 0.001242
90 0.000027
95 0.000034
100 0.002980
105 0.000438
110 0.000748
115 0.015490
120 0.003507
125 0.000002
130 0.000066
135 0.000680
140 0.000003
145 0.000049
150 0.000603
155 0.000080
160 0.000097
165 0.037769
170 0.003163
175 0.000153
180 0.000147
185 0.000065
190 0.000118
195 0.000051
200 0.000036
205 0.000050
210 0.002685
215 0.000594
220 0.000012
225 0.000113
230 0.000367
235 0.000079
240 0.000002
245 0.000167
250 0.000814
255 0.005582
260 0.002123
265 0.000037
270 0.000050
275 0.002687
280 0.000674
285 0.000214
290 0.033707
295 0.000283
300 0.001725
305 0.000147
310 0.001081
315 0.000084
320 0.000029
325 0.054377
330 0.012908
335 0.008027
340 0.000385
345 0.005001
350 0.000041
355 0.008789
360 0.001554
365 0.000041
370 0.000040
375 0.001115
380 0.009968
385 0.023399
390 0.021836
395 0.000058
400 0.008226
405 0.003890
410 0.000028
415 0.000959
420 0.002415
425 0.000016
430 0.010434
435 0.000030
440 0.007536
445 0.000354
450 0.006973
455 0.001745
460 0.000012
465 0.001673
470 0.000123
475 0.000222
480 0.000037
485 0.000116
490 0.000315
495 0.016527
500 0.000004
5 0.000198
10 0.000774
15 0.000034
20 0.002691
25 0.000925
30 0.002500
35 0.000002
40 0.001382
45 0.000698
50 0.000391
55 0.000131
60 0.000235
65 0.000024
70 0.000047
75 0.000023
80 0.000055
85 0.000368
90 0.000100
95 0.016948
100 0.015475
105 0.000404
110 0.001552
115 0.000261
120 0.000149
125 0.000011
130 0.000518
135 0.001466
140 0.001395
145 0.000247
150 0.000001
155 0.000041
160 0.000536
165 0.000132
170 0.000006
175 0.000290
180 0.000145
185 0.001133
190 0.026003
195 0.000006
200 0.000661
205 0.004198
210 0.000329
215 0.000192
220 0.000063
225 0.000014
230 0.020343
235 0.000055
240 0.000665
245 0.000018
250 0.000081
255 0.000205
260 0.000040
265 0.004911
270 0.012932
275 0.029897
280 0.000038
285 0.000093
290 0.001218
295 0.000004
300 0.000016
305 0.018033
310 0.003321
315 0.000277
320 0.015031
325 0.000130
330 0.000656
335 0.000160
340 0.000208
345 0.002025
350 0.011714
355 0.024469
360 0.000219
365 0.001026
370 0.008634
375 0.000095
380 0.000031
385 0.000344
390 0.000094
395 0.000030
400 0.000296
405 0.005546
410 0.000119
415 0.000219
420 0.000348
425 0.002174
430 0.000130
435 0.000622
440 0.000365
445 0.000372
450 0.001039
455 0.000099
460 0.000037
465 0.002167
470 0.002774
475 0.000388
480 0.000424
485 0.000248
490 0.019252
495 0.000008
500 0.000426
5 0.003040
10 0.001415
15 0.000016
20 0.001527
25 0.000117
30 0.000086
35 0.000385
40 0.000629
45 0.000054
50 0.000036
55 0.000011
60 0.001143
65 0.002182
70 0.000019
75 0.000466
80 0.000115
85 0.000075
90 0.000411
95 0.000759
100 0.000043
105 0.000022
110 0.000042
115 0.000334
120 0.000011
125 0.000009
130 0.000004
135 0.000021
140 0.000016
145 0.000183
150 0.000212
155 0.000042
160 0.002419
165 0.000794
170 0.000023
175 0.000016
180 0.000022
185 0.000110
190 0.000097
195 0.000056
200 0.000015
205 0.000015
210 0.000009
215 0.000656
220 0.000088
225 0.000043
230 0.000013
235 0.000611
240 0.000024
245 0.000273
250 0.000004
255 0.000009
260 0.000095
265 0.000378
270 0.000250
275 0.000122
280 0.000001
285 0.000016
290 0.000205
295 0.000563
300 0.000114
305 0.000066
310 0.007513
315 0.000017
320 0.000563
325 0.000251
330 0.000007
335 0.000028
340 0.000078
345 0.000035
350 0.000120
355 0.000030
360 0.000018
365 0.000363
370 0.000008
375 0.004689
380 0.000001
385 0.000010
390 0.000056
395 0.000612
400 0.000081
405 0.000074
410 0.000059
415 0.000059
420 0.000979
425 0.000008
430 0.000100
435 0.000093
440 0.000030
445 0.000060
450 0.000095
455 0.001769
460 0.000706
465 0.000030
470 0.000007
475 0.000003
480 0.000313
485 0.000010
490 0.000302
495 0.000004
500 0.000011
5 0.000204
10 0.000008
15 0.000028
20 0.000026
25 0.000210
30 0.000008
35 0.000007
40 0.000074
45 0.000014
50 0.002085
55 0.000009
60 0.000002
65 0.000018
70 0.000061
75 0.000393
80 0.000026
85 0.000025
90 0.000026
95 0.000014
100 0.000012
105 0.000010
110 0.000034
115 0.000001
120 0.000007
125 0.000004
130 0.000014
135 0.000010
140 0.000045
145 0.000032
150 0.000015
155 0.000008
160 0.000475
165 0.000035
170 0.000271
175 0.000014
180 0.000006
185 0.000103
190 0.000001
195 0.000468
200 0.000015
205 0.000008
210 0.000013
215 0.000053
220 0.000028
225 0.000236
230 0.000007
235 0.000002
240 0.000066
245 0.000026
250 0.000008
255 0.000007
260 0.000011
265 0.000014
270 0.000099
275 0.000022
280 0.000246
285 0.000958
290 0.000013
295 0.000028
300 0.000001
305 0.000042
310 0.000017
315 0.000039
320 0.000005
325 0.000041
330 0.000361
335 0.000002
340 0.000058
345 0.000046
350 0.000041
355 0.000121
360 0.000011
365 0.000017
370 0.000030
375 0.000115
380 0.000025
385 0.000786
390 0.000023
395 0.000004
400 0.000292
405 0.000008
410 0.000078
415 0.000018
420 0.000090
425 0.000006
430 0.000039
435 0.000010
440 0.000006
445 0.000062
450 0.000079
455 0.000060
460 0.000024
465 0.000028
470 0.000004
475 0.000225
480 0.000352
485 0.000025
490 0.000023
495 0.000017
500 0.000653
5 0.000002
10 0.000097
15 0.000009
20 0.000004
25 0.000055
30 0.000013
35 0.000009
40 0.000058
45 0.000011
50 0.000070
55 0.000047
60 0.000057
65 0.000036
70 0.000009
75 0.000129
80 0.000009
85 0.000020
90 0.000002
95 0.000022
100 0.000066
105 0.000036
110 0.000067
115 0.000118
120 0.000012
125 0.000006
130 0.000022
135 0.000042
140 0.000031
145 0.000055
150 0.000010
155 0.000129
160 0.000203
165 0.000006
170 0.000136
175 0.000018
180 0.000069
185 0.000008
190 0.000034
195 0.000002
200 0.000021
205 0.000031
210 0.000001
215 0.000011
220 0.000006
225 0.000013
230 0.000011
235 0.000068
240 0.000038
245 0.000003
250 0.000002
255 0.000175
260 0.000025
265 0.000048
270 0.000007
275 0.000001
280 0.000017
285 0.000028
290 0.000008
295 0.000025
300 0.000056
305 0.000001
310 0.000004
315 0.000003
320 0.000001
325 0.000022
330 0.000058
335 0.000003
340 0.000002
345 0.000002
350 0.000008
355 0.000158
360 0.000013
365 0.000043
370 0.000001
375 0.000019
380 0.000079
385 0.000133
390 0.000040
395 0.000017
400 0.000004
405 0.000091
410 0.000012
415 0.000011
420 0.000009
425 0.000039
430 0.000001
435 0.000039
440 0.000021
445 0.000006
450 0.000027
455 0.000064
460 0.000002
465 0.000010
470 0.000032
475 0.000040
480 0.000002
485 0.000023
490 0.000021
495 0.000010
500 0.000014
5 0.000054
10 0.000002
15 0.000018
20 0.000027
25 0.000002
30 0.000015
35 0.000012
40 0.000006
45 0.000066
50 0.000055
55 0.000070
60 0.000002
65 0.000001
70 0.000063
75 0.000072
80 0.000004
85 0.000003
90 0.000035
95 0.000030
100 0.000140
105 0.000009
110 0.000017
115 0.000018
120 0.000001
125 0.000105
130 0.000001
135 0.000016
140 0.000016
145 0.000015
150 0.000006
155 0.000002
160 0.000017
165 0.000026
170 0.000052
175 0.000081
180 0.000021
185 0.000018
190 0.000015
195 0.000017
200 0.000005
205 0.000019
210 0.000017
215 0.000021
220 0.000001
225 0.000014
230 0.000113
235 0.000012
240 0.000037
245 0.000029
250 0.000012
255 0.000003
260 0.000026
265 0.000006
270 0.000023
275 0.000031
280 0.000011
285 0.000008
290 0.000014
295 0.000036
300 0.000014
305 0.000016
310 0.000012
315 0.000005
320 0.000005
325 0.000053
330 0.000042
335 0.000005
340 0.000023
345 0.000002
350 0.000015
355 0.000015
360 0.000001
365 0.000023
370 0.000013
375 0.000003
380 0.000010
385 0.000072
390 0.000068
395 0.000002
400 0.000026
405 0.000002
410 0.000017
415 0.000045
420 0.000004
425 0.000029
430 0.000075
435 0.000021
440 0.000026
445 0.000009
450 0.000015
455 0.000011
460 0.000054
465 0.000018
470 0.000031
475 0.000027
480 0.000001
485 0.000008
490 0.000006
495 0.000110
500 0.000021
5 0.000011
10 0.000011
15 0.000006
20 0.000027
25 0.000006
30 0.000062
35 0.000124
40 0.000032
45 0.000014
50 0.000002
55 0.000006
60 0.000030
65 0.000033
70 0.000016
75 0.000008
80 0.000005
85 0.000016
90 0.000081
95 0.000018
100 0.000002
105 0.000054
110 0.000002
115 0.000019
120 0.000030
125 0.000048
130 0.000022
135 0.000011
140 0.000051
145 0.000015
150 0.000023
155 0.000003
160 0.000006
165 0.000023
170 0.000044
175 0.000004
180 0.000010
185 0.000002
190 0.000045
195 0.000044
200 0.000000
205 0.000012
210 0.000000
215 0.000036
220 0.000003
225 0.000000
230 0.000044
235 0.000004
240 0.000003
245 0.000112
250 0.000012
255 0.000025
260 0.000016
265 0.000016
270 0.000014
275 0.000009
280 0.000060
285 0.000009
290 0.000001
295 0.000009
300 0.000000
305 0.000039
310 0.000021
315 0.000096
320 0.000019
325 0.000009
330 0.000004
335 0.000003
340 0.000027
345 0.000004
350 0.000077
355 0.000005
360 0.000022
365 0.000003
370 0.000025
375 0.000004
380 0.000039
385 0.000002
390 0.000000
395 0.000003
400 0.000037
405 0.000002
410 0.000003
415 0.000149
420 0.000005
425 0.000008
430 0.000002
435 0.000006
440 0.000043
445 0.000032
450 0.000014
455 0.000024
460 0.000126
465 0.000015
470 0.000018
475 0.000041
480 0.000009
485 0.000090
490 0.000007
495 0.000049
500 0.000028
5 0.000005
10 0.000022
15 0.000001
20 0.000011
25 0.000009
30 0.000049
35 0.000007
40 0.000009
45 0.000008
50 0.000024
55 0.000006
60 0.000002
65 0.000008
70 0.000001
75 0.000018
80 0.000011
85 0.000019
90 0.000044
95 0.000002
100 0.000003
105 0.000001
110 0.000037
115 0.000031
120 0.000000
125 0.000004
130 0.000003
135 0.000031
140 0.000023
145 0.000060
150 0.000006
155 0.000001
160 0.000001
165 0.000032
170 0.000031
175 0.000026
180 0.000007
185 0.000037
190 0.000006
195 0.000026
200 0.000026
205 0.000011
210 0.000039
215 0.000028
220 0.000016
225 0.000020
230 0.000011
235 0.000012
240 0.000000
245 0.000001
250 0.000004
255 0.000026
260 0.000004
265 0.000014
270 0.000003
275 0.000012
280 0.000001
285 0.000009
290 0.000022
295 0.000019
300 0.000002
305 0.000012
310 0.000002
315 0.000000
320 0.000004
325 0.000007
330 0.000002
335 0.000001
340 0.000008
345 0.000006
350 0.000067
355 0.000034
360 0.000002
365 0.000002
370 0.000049
375 0.000016
380 0.000001
385 0.000017
390 0.000019
395 0.000002
400 0.000034
405 0.000020
410 0.000004
415 0.000018
420 0.000030
425 0.000038
430 0.000005
435 0.000010
440 0.000015
445 0.000042
450 0.000014
455 0.000023
460 0.000029
465 0.000014
470 0.000035
475 0.000002
480 0.000003
485 0.000022
490 0.000032
495 0.000002
500 0.000005
5 0.000021
10 0.000012
15 0.000021
20 0.000011
25 0.000003
30 0.000005
35 0.000007
40 0.000026
45 0.000004
50 0.000000
55 0.000044
60 0.000004
65 0.000058
70 0.000009
75 0.000010
80 0.000002
85 0.000014
90 0.000078
95 0.000005
100 0.000022
105 0.000025
110 0.000040
115 0.000029
120 0.000085
125 0.000016
130 0.000012
135 0.000006
140 0.000000
145 0.000007
150 0.000001
155 0.000049
160 0.000031
165 0.000017
170 0.000001
175 0.000010
180 0.000009
185 0.000000
190 0.000009
195 0.000033
200 0.000019
205 0.000002
210 0.000020
215 0.000022
220 0.000006
225 0.000004
230 0.000065
235 0.000004
240 0.000018
245 0.000001
250 0.000010
255 0.000004
260 0.000009
265 0.000014
270 0.000011
275 0.000005
280 0.000009
285 0.000017
290 0.000007
295 0.000005
300 0.000019
305 0.000001
310 0.000010
315 0.000002
320 0.000020
325 0.000004
330 0.000002
335 0.000009
340 0.000045
345 0.000003
350 0.000015
355 0.000011
360 0.000008
365 0.000001
370 0.000023
375 0.000003
380 0.000007
385 0.000005
390 0.000019
395 0.000023
400 0.000037
405 0.000035
410 0.000010
415 0.000022
420 0.000013
425 0.000026
430 0.000002
435 0.000010
440 0.000001
445 0.000002
450 0.000025
455 0.000004
460 0.000019
465 0.000016
470 0.000002
475 0.000037
480 0.000011
485 0.000042
490 0.000002
495 0.000011
500 0.000000
5 0.000004
10 0.000008
15 0.000002
20 0.000030
25 0.000017
30 0.000010
35 0.000001
40 0.000026
45 0.000071
50 0.000003
55 0.000015
60 0.000003
65 0.000009
70 0.000055
75 0.000007
80 0.000006
85 0.000004
90 0.000013
95 0.000009
100 0.000004
105 0.000021
110 0.000000
115 0.000028
120 0.000016
125 0.000005
130 0.000004
135 0.000001
140 0.000029
145 0.000030
150 0.000032
155 0.000015
160 0.000006
165 0.000010
170 0.000001
175 0.000009
180 0.000043
185 0.000003
190 0.000035
195 0.000001
200 0.000019
205 0.000002
210 0.000017
215 0.000009
220 0.000009
225 0.000012
230 0.000010
235 0.000001
240 0.000007
245 0.000017
250 0.000028
255 0.000011
260 0.000018
265 0.000024
270 0.000023
275 0.000037
280 0.000003
285 0.000004
290 0.000037
295 0.000002
300 0.000027
305 0.000011
310 0.000003
315 0.000003
320 0.000004
325 0.000004
330 0.000008
335 0.000030
340 0.000001
345 0.000035
350 0.000004
355 0.000061
360 0.000009
365 0.000001
370 0.000057
375 0.000020
380 0.000016
385 0.000018
390 0.000001
395 0.000004
400 0.000005
405 0.000010
410 0.000009
415 0.000016
420 0.000011
425 0.000002
430 0.000028
435 0.000044
440 0.000003
445 0.000002
450 0.000014
455 0.000002
460 0.000003
465 0.000007
470 0.000000
475 0.000002
480 0.000020
485 0.000020
490 0.000003
495 0.000006
500 0.000006
5 0.000001
10 0.000001
15 0.000007
20 0.000004
25 0.000016
30 0.000023
35 0.000001
40 0.000001
45 0.000001
50 0.000011
55 0.000024
60 0.000019
65 0.000007
70 0.000011
75 0.000044
80 0.000010
85 0.000003
90 0.000001
95 0.000008
100 0.000005
105 0.000004
110 0.000006
115 0.000005
120 0.000007
125 0.000006
130 0.000002
135 0.000014
140 0.000019
145 0.000012
150 0.000003
155 0.000013
160 0.000012
165 0.000005
170 0.000002
175 0.000002
180 0.000016
185 0.000004
190 0.000007
195 0.000010
200 0.000006
205 0.000002
210 0.000001
215 0.000008
220 0.000015
225 0.000003
230 0.000023
235 0.000027
240 0.000002
245 0.000004
250 0.000000
255 0.000003
260 0.000011
265 0.000028
270 0.000021
275 0.000008
280 0.000007
285 0.000002
290 0.000023
295 0.000007
300 0.000002
305 0.000025
310 0.000019
315 0.000032
320 0.000003
325 0.000031
330 0.000004
335 0.000016
340 0.000005
345 0.000053
350 0.000010
355 0.000002
360 0.000006
365 0.000009
370 0.000020
375 0.000014
380 0.000008
385 0.000003
390 0.000001
395 0.000009
400 0.000018
405 0.000000
410 0.000008
415 0.000007
420 0.000004
425 0.000016
430 0.000000
435 0.000010
440 0.000007
445 0.000002
450 0.000004
455 0.000005
460 0.000004
465 0.000003
470 0.000002
475 0.000006
480 0.000008
485 0.000013
490 0.000044
495 0.000012
500 0.000009
5 0.000021
10 0.000005
15 0.000004
20 0.000005
25 0.000039
30 0.000003
35 0.000021
40 0.000010
45 0.000007
50 0.000019
55 0.000057
60 0.000010
65 0.000004
70 0.000004
75 0.000003
80 0.000020
85 0.000005
90 0.000007
95 0.000017
100 0.000017
105 0.000008
110 0.000007
115 0.000002
120 0.000006
125 0.000011
130 0.000014
135 0.000002
140 0.000009
145 0.000001
150 0.000002
155 0.000008
160 0.000002
165 0.000009
170 0.000001
175 0.000001
180 0.000023
185 0.000011
190 0.000009
195 0.000010
200 0.000013
205 0.000028
210 0.000036
215 0.000009
220 0.000001
225 0.000000
230 0.000027
235 0.000017
240 0.000006
245 0.000010
250 0.000010
255 0.000015
260 0.000015
265 0.000008
270 0.000017
275 0.000007
280 0.000002
285 0.000007
290 0.000002
295 0.000021
300 0.000007
305 0.000004
310 0.000016
315 0.000025
320 0.000015
325 0.000016
330 0.000025
335 0.000002
340 0.000008
345 0.000001
350 0.000000
355 0.000002
360 0.000006
365 0.000008
370 0.000022
375 0.000001
380 0.000030
385 0.000009
390 0.000069
395 0.000003
400 0.000007
405 0.000006
410 0.000016
415 0.000027
420 0.000008
425 0.000022
430 0.000001
435 0.000020
440 0.000001
445 0.000005
450 0.000003
455 0.000006
460 0.000001
465 0.000025
470 0.000003
475 0.000004
480 0.000015
485 0.000017
490 0.000007
495 0.000000
500 0.000021
5 0.000004
10 0.000003
15 0.000001
20 0.000009
25 0.000001
30 0.000007
35 0.000008
40 0.000003
45 0.000009
50 0.000000
55 0.000006
60 0.000003
65 0.000006
70 0.000011
75 0.000001
80 0.000002
85 0.000004
90 0.000008
95 0.000007
100 0.000003
105 0.000002
110 0.000010
115 0.000001
120 0.000002
125 0.000006
130 0.000006
135 0.000051
140 0.000044
145 0.000003
150 0.000004
155 0.000006
160 0.000001
165 0.000017
170 0.000000
175 0.000006
180 0.000016
185 0.000005
190 0.000008
195 0.000005
200 0.000015
205 0.000010
210 0.000007
215 0.000000
220 0.000001
225 0.000009
230 0.000007
235 0.000018
240 0.000010
245 0.000006
250 0.000014
255 0.000006
260 0.000011
265 0.000005
270 0.000001
275 0.000002
280 0.000002
285 0.000015
290 0.000004
295 0.000004
300 0.000001
305 0.000005
310 0.000015
315 0.000006
320 0.000002
325 0.000005
330 0.000013
335 0.000006
340 0.000002
345 0.000002
350 0.000000
355 0.000000
360 0.000010
365 0.000016
370 0.000023
375 0.000006
380 0.000003
385 0.000002
390 0.000004
395 0.000007
400 0.000000
405 0.000001
410 0.000001
415 0.000035
420 0.000009
425 0.000002
430 0.000003
435 0.000000
440 0.000007
445 0.000001
450 0.000047
455 0.000001
460 0.000011
465 0.000012
470 0.000013
475 0.000010
480 0.000003
485 0.000002
490 0.000002
495 0.000003
500 0.000006
5 0.000015
10 0.000012
15 0.000011
20 0.000007
25 0.000007
30 0.000017
35 0.000005
40 0.000009
45 0.000003
50 0.000007
55 0.000006
60 0.000002
65 0.000003
70 0.000003
75 0.000005
80 0.000002
85 0.000010
90 0.000004
95 0.000009
100 0.000002
105 0.000004
110 0.000022
115 0.000002
120 0.000000
125 0.000027
130 0.000009
135 0.000003
140 0.000002
145 0.000002
150 0.000011
155 0.000008
160 0.000005
165 0.000001
170 0.000003
175 0.000008
180 0.000004
185 0.000001
190 0.000013
195 0.000004
200 0.000005
205 0.000000
210 0.000005
215 0.000002
220 0.000001
225 0.000001
230 0.000003
235 0.000002
240 0.000002
245 0.000003
250 0.000006
255 0.000004
260 0.000002
265 0.000006
270 0.000000
275 0.000009
280 0.000001
285 0.000001
290 0.000011
295 0.000003
300 0.000001
305 0.000000
310 0.000004
315 0.000015
320 0.000020
325 0.000026
330 0.000001
335 0.000010
340 0.000000
345 0.000007
350 0.000007
355 0.000000
360 0.000001
365 0.000010
370 0.000003
375 0.000017
380 0.000010
385 0.000010
390 0.000009
395 0.000005
400 0.000000
405 0.000002
410 0.000012
415 0.000001
420 0.000003
425 0.000003
430 0.000002
435 0.000001
440 0.000020
445 0.000011
450 0.000011
455 0.000003
460 0.000005
465 0.000004
470 0.000004
475 0.000006
480 0.000019
485 0.000006
490 0.000002
495 0.000003
500 0.000005
5 0.000001
10 0.000001
15 0.000006
20 0.000004
25 0.000014
30 0.000011
35 0.000001
40 0.000002
45 0.000003
50 0.000006
55 0.000002
60 0.000003
65 0.000007
70 0.000008
75 0.000013
80 0.000002
85 0.000010
90 0.000007
95 0.000001
100 0.000001
105 0.000000
110 0.000001
115 0.000005
120 0.000015
125 0.000003
130 0.000001
135 0.000008
140 0.000001
145 0.000008
150 0.000008
155 0.000001
160 0.000002
165 0.000005
170 0.000018
175 0.000001
180 0.000000
185 0.000001
190 0.000002
195 0.000010
200 0.000003
205 0.000009
210 0.000013
215 0.000002
220 0.000016
225 0.000001
230 0.000007
235 0.000002
240 0.000000
245 0.000021
250 0.000003
255 0.000002
260 0.000003
265 0.000007
270 0.000002
275 0.000003
280 0.000001
285 0.000000
290 0.000003
295 0.000001
300 0.000002
305 0.000000
310 0.000002
315 0.000009
320 0.000001
325 0.000002
330 0.000004
335 0.000007
340 0.000003
345 0.000006
350 0.000006
355 0.000002
360 0.000002
365 0.000003
370 0.000002
375 0.000001
380 0.000003
385 0.000010
390 0.000002
395 0.000004
400 0.000008
405 0.000011
410 0.000004
415 0.000006
420 0.000002
425 0.000001
430 0.000000
435 0.000007
440 0.000006
445 0.000004
450 0.000015
455 0.000007
460 0.000002
465 0.000000
470 0.000015
475 0.000002
480 0.000006
485 0.000000
490 0.000008
495 0.000004
500 0.000008
